  0.000000000000000E+000
  0.000000000000000E+000
  1.999800013332667E-007
  5.999000119988669E-007
  1.199720047993468E-006
  1.999400133309737E-006
  2.998900299934746E-006
  4.198180587848367E-006
  5.597201045021679E-006
  7.195921727415366E-006
  8.994302698978124E-006
  1.099230403164506E-005
  1.318988580533609E-005
  1.558700810795435E-005
  1.818363103538461E-005
  2.097971469149164E-005
  2.397521918811867E-005
  2.717010464508573E-005
  3.056433119018812E-005
  3.415785895919476E-005
  3.795064809584663E-005
  4.194265875185516E-005
  4.613385108690064E-005
  5.052418526863064E-005
  5.511362147265840E-005
  5.990211988256122E-005
  6.488964068987890E-005
  7.007614409411216E-005
  7.546159030272099E-005
  8.104593953112310E-005
  8.682915200269235E-005
  9.281118794875709E-005
  9.899200760859862E-005
  1.053715712294496E-004
  1.119498390664925E-004
  1.187267713828578E-004
  1.257023284496226E-004
  1.328764705458093E-004
  1.402491579583832E-004
  1.478203509822519E-004
  1.555900099202627E-004
  1.635580950832021E-004
  1.717245667897933E-004
  1.800893853666949E-004
  1.886525111484996E-004
  1.974139044777324E-004
  2.063735257048487E-004
  2.155313351882334E-004
  2.248872932941986E-004
  2.344413603969826E-004
  2.441934968787479E-004
  2.541436631295798E-004
  2.642918195474849E-004
  2.746379265383892E-004
  2.851819445161371E-004
  2.959238339024889E-004
  3.068635551271203E-004
  3.180010686276197E-004
  3.293363348494878E-004
  3.408693142461350E-004
  3.525999672788804E-004
  3.645282544169498E-004
  3.766541361374747E-004
  3.889775729254903E-004
  4.014985252739339E-004
  4.142169536836433E-004
  4.271328186633557E-004
  4.402460807297055E-004
  4.535567004072230E-004
  4.670646382283330E-004
  4.807698547333528E-004
  4.946723104704908E-004
  5.087719659958454E-004
  5.230687818734023E-004
  5.375627186750343E-004
  5.522537369804987E-004
  5.671417973774361E-004
  5.822268604613686E-004
  5.975088868356989E-004
  6.129878371117076E-004
  6.286636719085529E-004
  6.445363518532678E-004
  6.606058375807594E-004
  6.768720897338071E-004
  6.933350689630608E-004
  7.099947359270396E-004
  7.268510512921300E-004
  7.439039757325844E-004
  7.611534699305198E-004
  7.785994945759157E-004
  7.962420103666131E-004
  8.140809780083124E-004
  8.321163582145722E-004
  8.503481117068076E-004
  8.687761992142884E-004
  8.874005814741384E-004
  9.062212192313324E-004
  9.252380732386959E-004
  9.444511042569029E-004
  9.638602730544745E-004
  9.834655404077773E-004
  1.003266867101022E-003
  1.023264213926261E-003
  1.043457541683389E-003
  1.063846811180139E-003
  1.084431983232080E-003
  1.105213018662621E-003
  1.126189878303001E-003
  1.147362522992296E-003
  1.168730913577412E-003
  1.190295010913082E-003
  1.212054775861873E-003
  1.234010169294172E-003
  1.256161152088198E-003
  1.278507685129987E-003
  1.301049729313403E-003
  1.323787245540126E-003
  1.346720194719657E-003
  1.369848537769314E-003
  1.393172235614230E-003
  1.416691249187353E-003
  1.440405539429443E-003
  1.464315067289073E-003
  1.488419793722623E-003
  1.512719679694282E-003
  1.537214686176045E-003
  1.561904774147712E-003
  1.586789904596887E-003
  1.611870038518975E-003
  1.637145136917181E-003
  1.662615160802509E-003
  1.688280071193760E-003
  1.714139829117530E-003
  1.740194395608209E-003
  1.766443731707979E-003
  1.792887798466815E-003
  1.819526556942478E-003
  1.846359968200519E-003
  1.873387993314274E-003
  1.900610593364864E-003
  1.928027729441193E-003
  1.955639362639946E-003
  1.983445454065588E-003
  2.011445964830364E-003
  2.039640856054292E-003
  2.068030088865170E-003
  2.096613624398565E-003
  2.125391423797819E-003
  2.154363448214045E-003
  2.183529658806122E-003
  2.212890016740699E-003
  2.242444483192191E-003
  2.272193019342776E-003
  2.302135586382395E-003
  2.332272145508750E-003
  2.362602657927305E-003
  2.393127084851279E-003
  2.423845387501650E-003
  2.454757527107149E-003
  2.485863464904261E-003
  2.517163162137225E-003
  2.548656580058027E-003
  2.580343679926405E-003
  2.612224423009842E-003
  2.644298770583568E-003
  2.676566683930557E-003
  2.709028124341525E-003
  2.741683053114930E-003
  2.774531431556968E-003
  2.807573220981575E-003
  2.840808382710422E-003
  2.874236878072915E-003
  2.907858668406195E-003
  2.941673715055132E-003
  2.975681979372328E-003
  3.009883422718114E-003
  3.044278006460547E-003
  3.078865691975412E-003
  3.113646440646214E-003
  3.148620213864184E-003
  3.183786973028272E-003
  3.219146679545149E-003
  3.254699294829203E-003
  3.290444780302538E-003
  3.326383097394974E-003
  3.362514207544043E-003
  3.398838072194989E-003
  3.435354652800768E-003
  3.472063910822042E-003
  3.508965807727180E-003
  3.546060304992260E-003
  3.583347364101060E-003
  3.620826946545064E-003
  3.658499013823454E-003
  3.696363527443112E-003
  3.734420448918619E-003
  3.772669739772252E-003
  3.811111361533983E-003
  3.849745275741476E-003
  3.888571443940087E-003
  3.927589827682863E-003
  3.966800388530540E-003
  4.006203088051539E-003
  4.045797887821969E-003
  4.085584749425621E-003
  4.125563634453971E-003
  4.165734504506172E-003
  4.206097321189060E-003
  4.246652046117147E-003
  4.287398640912621E-003
  4.328337067205348E-003
  4.369467286632863E-003
  4.410789260840375E-003
  4.452302951480764E-003
  4.494008320214577E-003
  4.535905328710028E-003
  4.577993938642997E-003
  4.620274111697030E-003
  4.662745809563332E-003
  4.705408993940771E-003
  4.748263626535875E-003
  4.791309669062828E-003
  4.834547083243473E-003
  4.877975830807305E-003
  4.921595873491475E-003
  4.965407173040784E-003
  5.009409691207683E-003
  5.053603389752275E-003
  5.097988230442306E-003
  5.142564175053170E-003
  5.187331185367904E-003
  5.232289223177190E-003
  5.277438250279347E-003
  5.322778228480338E-003
  5.368309119593761E-003
  5.414030885440852E-003
  5.459943487850481E-003
  5.506046888659152E-003
  5.552341049711001E-003
  5.598825932857794E-003
  5.645501499958927E-003
  5.692367712881423E-003
  5.739424533499928E-003
  5.786671923696717E-003
  5.834109845361686E-003
  5.881738260392349E-003
  5.929557130693845E-003
  5.977566418178927E-003
  6.025766084767967E-003
  6.074156092388951E-003
  6.122736402977480E-003
  6.171506978476766E-003
  6.220467780837632E-003
  6.269618772018509E-003
  6.318959913985438E-003
  6.368491168712065E-003
  6.418212498179638E-003
  6.468123864377011E-003
  6.518225229300638E-003
  6.568516554954575E-003
  6.618997803350474E-003
  6.669668936507585E-003
  6.720529916452752E-003
  6.771580705220416E-003
  6.822821264852607E-003
  6.874251557398949E-003
  6.925871544916651E-003
  6.977681189470513E-003
  7.029680453132922E-003
  7.081869297983848E-003
  7.134247686110844E-003
  7.186815579609047E-003
  7.239572940581170E-003
  7.292519731137509E-003
  7.345655913395935E-003
  7.398981449481895E-003
  7.452496301528411E-003
  7.506200431676077E-003
  7.560093802073058E-003
  7.614176374875088E-003
  7.668448112245470E-003
  7.722908976355075E-003
  7.777558929382335E-003
  7.832397933513247E-003
  7.887425950941374E-003
  7.942642943867838E-003
  7.998048874501314E-003
  8.053643705058041E-003
  8.109427397761812E-003
  8.165399914843977E-003
  8.221561218543434E-003
  8.277911271106634E-003
  8.334450034787583E-003
  8.391177471847828E-003
  8.448093544556468E-003
  8.505198215190144E-003
  8.562491446033044E-003
  8.619973199376898E-003
  8.677643437520973E-003
  8.735502122772082E-003
  8.793549217444569E-003
  8.851784683860320E-003
  8.910208484348753E-003
  8.968820581246819E-003
  9.027620936899005E-003
  9.086609513657321E-003
  9.145786273881311E-003
  9.205151179938047E-003
  9.264704194202122E-003
  9.324445279055659E-003
  9.384374396888301E-003
  9.444491510097212E-003
  9.504796581087077E-003
  9.565289572270099E-003
  9.625970446065996E-003
  9.686839164902004E-003
  9.747895691212871E-003
  9.809139987440858E-003
  9.870572016035736E-003
  9.932191739454789E-003
  9.993999120162802E-003
  1.005599412063207E-002
  1.011817670334240E-002
  1.018054683078109E-002
  1.024310446544294E-002
  1.030584956983026E-002
  1.036878210645286E-002
  1.043190203782803E-002
  1.049520932648058E-002
  1.055870393494279E-002
  1.062238582575445E-002
  1.068625496146283E-002
  1.075031130462270E-002
  1.081455481779631E-002
  1.087898546355341E-002
  1.094360320447121E-002
  1.100840800313444E-002
  1.107339982213527E-002
  1.113857862407339E-002
  1.120394437155594E-002
  1.126949702719755E-002
  1.133523655362034E-002
  1.140116291345388E-002
  1.146727606933522E-002
  1.153357598390890E-002
  1.160006261982690E-002
  1.166673593974870E-002
  1.173359590634123E-002
  1.180064248227887E-002
  1.186787563024351E-002
  1.193529531292446E-002
  1.200290149301852E-002
  1.207069413322992E-002
  1.213867319627037E-002
  1.220683864485904E-002
  1.227519044172254E-002
  1.234372854959495E-002
  1.241245293121779E-002
  1.248136354934003E-002
  1.255046036671810E-002
  1.261974334611587E-002
  1.268921245030467E-002
  1.275886764206325E-002
  1.282870888417782E-002
  1.289873613944203E-002
  1.296894937065698E-002
  1.303934854063118E-002
  1.310993361218062E-002
  1.318070454812869E-002
  1.325166131130622E-002
  1.332280386455150E-002
  1.339413217071021E-002
  1.346564619263549E-002
  1.353734589318791E-002
  1.360923123523545E-002
  1.368130218165353E-002
  1.375355869532498E-002
  1.382600073914006E-002
  1.389862827599645E-002
  1.397144126879926E-002
  1.404443968046101E-002
  1.411762347390163E-002
  1.419099261204847E-002
  1.426454705783630E-002
  1.433828677420729E-002
  1.441221172411105E-002
  1.448632187050455E-002
  1.456061717635221E-002
  1.463509760462585E-002
  1.470976311830467E-002
  1.478461368037530E-002
  1.485964925383176E-002
  1.493486980167547E-002
  1.501027528691526E-002
  1.508586567256735E-002
  1.516164092165534E-002
  1.523760099721025E-002
  1.531374586227049E-002
  1.539007547988184E-002
  1.546658981309749E-002
  1.554328882497802E-002
  1.562017247859139E-002
  1.569724073701293E-002
  1.577449356332539E-002
  1.585193092061887E-002
  1.592955277199087E-002
  1.600735908054626E-002
  1.608534980939730E-002
  1.616352492166361E-002
  1.624188438047220E-002
  1.632042814895744E-002
  1.639915619026109E-002
  1.647806846753227E-002
  1.655716494392747E-002
  1.663644558261054E-002
  1.671591034675272E-002
  1.679555919953260E-002
  1.687539210413612E-002
  1.695540902375661E-002
  1.703560992159473E-002
  1.711599476085854E-002
  1.719656350476341E-002
  1.727731611653211E-002
  1.735825255939473E-002
  1.743937279658872E-002
  1.752067679135891E-002
  1.760216450695746E-002
  1.768383590664386E-002
  1.776569095368498E-002
  1.784772961135501E-002
  1.792995184293551E-002
  1.801235761171536E-002
  1.809494688099079E-002
  1.817771961406538E-002
  1.826067577425003E-002
  1.834381532486298E-002
  1.842713822922983E-002
  1.851064445068348E-002
  1.859433395256419E-002
  1.867820669821954E-002
  1.876226265100443E-002
  1.884650177428111E-002
  1.893092403141913E-002
  1.901552938579539E-002
  1.910031780079410E-002
  1.918528923980680E-002
  1.927044366623235E-002
  1.935578104347692E-002
  1.944130133495401E-002
  1.952700450408442E-002
  1.961289051429630E-002
  1.969895932902507E-002
  1.978521091171349E-002
  1.987164522581163E-002
  1.995826223477684E-002
  2.004506190207382E-002
  2.013204419117456E-002
  2.021920906555834E-002
  2.030655648871176E-002
  2.039408642412870E-002
  2.048179883531038E-002
  2.056969368576529E-002
  2.065777093900922E-002
  2.074603055856527E-002
  2.083447250796381E-002
  2.092309675074252E-002
  2.101190325044638E-002
  2.110089197062764E-002
  2.119006287484586E-002
  2.127941592666786E-002
  2.136895108966778E-002
  2.145866832742701E-002
  2.154856760353425E-002
  2.163864888158547E-002
  2.172891212518391E-002
  2.181935729794012E-002
  2.190998436347189E-002
  2.200079328540431E-002
  2.209178402736972E-002
  2.218295655300778E-002
  2.227431082596537E-002
  2.236584680989666E-002
  2.245756446846310E-002
  2.254946376533339E-002
  2.264154466418350E-002
  2.273380712869667E-002
  2.282625112256340E-002
  2.291887660948144E-002
  2.301168355315582E-002
  2.310467191729882E-002
  2.319784166562996E-002
  2.329119276187604E-002
  2.338472516977110E-002
  2.347843885305644E-002
  2.357233377548060E-002
  2.366640990079938E-002
  2.376066719277584E-002
  2.385510561518024E-002
  2.394972513179015E-002
  2.404452570639033E-002
  2.413950730277280E-002
  2.423466988473684E-002
  2.433001341608895E-002
  2.442553786064286E-002
  2.452124318221956E-002
  2.461712934464725E-002
  2.471319631176139E-002
  2.480944404740465E-002
  2.490587251542693E-002
  2.500248167968539E-002
  2.509927150404439E-002
  2.519624195237551E-002
  2.529339298855758E-002
  2.539072457647664E-002
  2.548823668002595E-002
  2.558592926310599E-002
  2.568380228962447E-002
  2.578185572349632E-002
  2.588008952864366E-002
  2.597850366899584E-002
  2.607709810848945E-002
  2.617587281106825E-002
  2.627482774068322E-002
  2.637396286129257E-002
  2.647327813686170E-002
  2.657277353136323E-002
  2.667244900877696E-002
  2.677230453308993E-002
  2.687234006829634E-002
  2.697255557839761E-002
  2.707295102740238E-002
  2.717352637932646E-002
  2.727428159819285E-002
  2.737521664803178E-002
  2.747633149288064E-002
  2.757762609678402E-002
  2.767910042379372E-002
  2.778075443796870E-002
  2.788258810337512E-002
  2.798460138408633E-002
  2.808679424418286E-002
  2.818916664775242E-002
  2.829171855888992E-002
  2.839444994169742E-002
  2.849736076028419E-002
  2.860045097876665E-002
  2.870372056126841E-002
  2.880716947192026E-002
  2.891079767486016E-002
  2.901460513423322E-002
  2.911859181419176E-002
  2.922275767889523E-002
  2.932710269251027E-002
  2.943162681921069E-002
  2.953633002317744E-002
  2.964121226859865E-002
  2.974627351966962E-002
  2.985151374059279E-002
  2.995693289557778E-002
  3.006253094884134E-002
  3.016830786460740E-002
  3.027426360710704E-002
  3.038039814057849E-002
  3.048671142926713E-002
  3.059320343742548E-002
  3.069987412931324E-002
  3.080672346919722E-002
  3.091375142135141E-002
  3.102095795005691E-002
  3.112834301960200E-002
  3.123590659428207E-002
  3.134364863839965E-002
  3.145156911626446E-002
  3.155966799219329E-002
  3.166794523051009E-002
  3.177640079554597E-002
  3.188503465163914E-002
  3.199384676313496E-002
  3.210283709438590E-002
  3.221200560975160E-002
  3.232135227359877E-002
  3.243087705030129E-002
  3.254057990424017E-002
  3.265046079980349E-002
  3.276051970138651E-002
  3.287075657339157E-002
  3.298117138022817E-002
  3.309176408631286E-002
  3.320253465606939E-002
  3.331348305392856E-002
  3.342460924432832E-002
  3.353591319171369E-002
  3.364739486053687E-002
  3.375905421525709E-002
  3.387089122034075E-002
  3.398290584026131E-002
  3.409509803949936E-002
  3.420746778254259E-002
  3.432001503388579E-002
  3.443273975803085E-002
  3.454564191948676E-002
  3.465872148276961E-002
  3.477197841240257E-002
  3.488541267291592E-002
  3.499902422884704E-002
  3.511281304474038E-002
  3.522677908514751E-002
  3.534092231462706E-002
  3.545524269774476E-002
  3.556974019907341E-002
  3.568441478319294E-002
  3.579926641469031E-002
  3.591429505815959E-002
  3.602950067820193E-002
  3.614488323942556E-002
  3.626044270644577E-002
  3.637617904388495E-002
  3.649209221637255E-002
  3.660818218854509E-002
  3.672444892504617E-002
  3.684089239052647E-002
  3.695751254964372E-002
  3.707430936706273E-002
  3.719128280745537E-002
  3.730843283550057E-002
  3.742575941588434E-002
  3.754326251329974E-002
  3.766094209244689E-002
  3.777879811803300E-002
  3.789683055477227E-002
  3.801503936738602E-002
  3.813342452060261E-002
  3.825198597915743E-002
  3.837072370779294E-002
  3.848963767125866E-002
  3.860872783431114E-002
  3.872799416171398E-002
  3.884743661823785E-002
  3.896705516866043E-002
  3.908684977776647E-002
  3.920682041034776E-002
  3.932696703120311E-002
  3.944728960513841E-002
  3.956778809696654E-002
  3.968846247150744E-002
  3.980931269358810E-002
  3.993033872804252E-002
  4.005154053971174E-002
  4.017291809344384E-002
  4.029447135409391E-002
  4.041620028652408E-002
  4.053810485560352E-002
  4.066018502620841E-002
  4.078244076322195E-002
  4.090487203153437E-002
  4.102747879604293E-002
  4.115026102165188E-002
  4.127321867327252E-002
  4.139635171582317E-002
  4.151966011422914E-002
  4.164314383342276E-002
  4.176680283834339E-002
  4.189063709393737E-002
  4.201464656515810E-002
  4.213883121696595E-002
  4.226319101432829E-002
  4.238772592221952E-002
  4.251243590562103E-002
  4.263732092952124E-002
  4.276238095891553E-002
  4.288761595880630E-002
  4.301302589420297E-002
  4.313861073012192E-002
  4.326437043158655E-002
  4.339030496362725E-002
  4.351641429128140E-002
  4.364269837959336E-002
  4.376915719361452E-002
  4.389579069840320E-002
  4.402259885902476E-002
  4.414958164055154E-002
  4.427673900806282E-002
  4.440407092664490E-002
  4.453157736139107E-002
  4.465925827740159E-002
  4.478711363978369E-002
  4.491514341365158E-002
  4.504334756412646E-002
  4.517172605633648E-002
  4.530027885541680E-002
  4.542900592650951E-002
  4.555790723476371E-002
  4.568698274533545E-002
  4.581623242338775E-002
  4.594565623409058E-002
  4.607525414262091E-002
  4.620502611416265E-002
  4.633497211390669E-002
  4.646509210705087E-002
  4.659538605879997E-002
  4.672585393436576E-002
  4.685649569896696E-002
  4.698731131782923E-002
  4.711830075618519E-002
  4.724946397927444E-002
  4.738080095234349E-002
  4.751231164064582E-002
  4.764399600944186E-002
  4.777585402399900E-002
  4.790788564959153E-002
  4.804009085150074E-002
  4.817246959501482E-002
  4.830502184542894E-002
  4.843774756804517E-002
  4.857064672817255E-002
  4.870371929112704E-002
  4.883696522223155E-002
  4.897038448681591E-002
  4.910397705021690E-002
  4.923774287777821E-002
  4.937168193485049E-002
  4.950579418679128E-002
  4.964007959896509E-002
  4.977453813674333E-002
  4.990916976550433E-002
  5.004397445063336E-002
  5.017895215752263E-002
  5.031410285157122E-002
  5.044942649818516E-002
  5.058492306277741E-002
  5.072059251076782E-002
  5.085643480758317E-002
  5.099244991865717E-002
  5.112863780943040E-002
  5.126499844535038E-002
  5.140153179187155E-002
  5.153823781445523E-002
  5.167511647856966E-002
  5.181216774969000E-002
  5.194939159329829E-002
  5.208678797488348E-002
  5.222435685994143E-002
  5.236209821397490E-002
  5.250001200249354E-002
  5.263809819101390E-002
  5.277635674505943E-002
  5.291478763016047E-002
  5.305339081185426E-002
  5.319216625568492E-002
  5.333111392720347E-002
  5.347023379196782E-002
  5.360952581554276E-002
  5.374898996349998E-002
  5.388862620141803E-002
  5.402843449488237E-002
  5.416841480948534E-002
  5.430856711082614E-002
  5.444889136451086E-002
  5.458938753615247E-002
  5.473005559137083E-002
  5.487089549579264E-002
  5.501190721505152E-002
  5.515309071478793E-002
  5.529444596064920E-002
  5.543597291828954E-002
  5.557767155337005E-002
  5.571954183155865E-002
  5.586158371853017E-002
  5.600379717996627E-002
  5.614618218155550E-002
  5.628873868899326E-002
  5.643146666798179E-002
  5.657436608423023E-002
  5.671743690345456E-002
  5.686067909137761E-002
  5.700409261372905E-002
  5.714767743624544E-002
  5.729143352467016E-002
  5.743536084475346E-002
  5.757945936225243E-002
  5.772372904293101E-002
  5.786816985256000E-002
  5.801278175691701E-002
  5.815756472178652E-002
  5.830251871295986E-002
  5.844764369623520E-002
  5.859293963741750E-002
  5.873840650231864E-002
  5.888404425675728E-002
  5.902985286655892E-002
  5.917583229755592E-002
  5.932198251558744E-002
  5.946830348649949E-002
  5.961479517614492E-002
  5.976145755038340E-002
  5.990829057508141E-002
  6.005529421611228E-002
  6.020246843935614E-002
  6.034981321069999E-002
  6.049732849603759E-002
  6.064501426126957E-002
  6.079287047230336E-002
  6.094089709505320E-002
  6.108909409544016E-002
  6.123746143939212E-002
  6.138599909284376E-002
  6.153470702173661E-002
  6.168358519201898E-002
  6.183263356964598E-002
  6.198185212057956E-002
  6.213124081078847E-002
  6.228079960624823E-002
  6.243052847294121E-002
  6.258042737685658E-002
  6.273049628399026E-002
  6.288073516034502E-002
  6.303114397193044E-002
  6.318172268476284E-002
  6.333247126486538E-002
  6.348338967826801E-002
  6.363447789100747E-002
  6.378573586912727E-002
  6.393716357867774E-002
  6.408876098571596E-002
  6.424052805630587E-002
  6.439246475651814E-002
  6.454457105243022E-002
  6.469684691012639E-002
  6.484929229569766E-002
  6.500190717524186E-002
  6.515469151486357E-002
  6.530764528067416E-002
  6.546076843879180E-002
  6.561406095534142E-002
  6.576752279645469E-002
  6.592115392827012E-002
  6.607495431693294E-002
  6.622892392859515E-002
  6.638306272941555E-002
  6.653737068555969E-002
  6.669184776319989E-002
  6.684649392851524E-002
  6.700130914769156E-002
  6.715629338692149E-002
  6.731144661240437E-002
  6.746676879034637E-002
  6.762225988696033E-002
  6.777791986846593E-002
  6.793374870108955E-002
  6.808974635106435E-002
  6.824591278463021E-002
  6.840224796803383E-002
  6.855875186752861E-002
  6.871542444937467E-002
  6.887226567983895E-002
  6.902927552519508E-002
  6.918645395172346E-002
  6.934380092571123E-002
  6.950131641345227E-002
  6.965900038124719E-002
  6.981685279540334E-002
  6.997487362223484E-002
  7.013306282806252E-002
  7.029142037921392E-002
  7.044994624202337E-002
  7.060864038283191E-002
  7.076750276798728E-002
  7.092653336384398E-002
  7.108573213676327E-002
  7.124509905311306E-002
  7.140463407926803E-002
  7.156433718160961E-002
  7.172420832652589E-002
  7.188424748041174E-002
  7.204445460966870E-002
  7.220482968070507E-002
  7.236537265993587E-002
  7.252608351378279E-002
  7.268696220867428E-002
  7.284800871104549E-002
  7.300922298733828E-002
  7.317060500400120E-002
  7.333215472748955E-002
  7.349387212426532E-002
  7.365575716079721E-002
  7.381780980356061E-002
  7.398003001903761E-002
  7.414241777371704E-002
  7.430497303409440E-002
  7.446769576667192E-002
  7.463058593795849E-002
  7.479364351446971E-002
  7.495686846272789E-002
  7.512026074926205E-002
  7.528382034060786E-002
  7.544754720330771E-002
  7.561144130391066E-002
  7.577550260897249E-002
  7.593973108505565E-002
  7.610412669872928E-002
  7.626868941656921E-002
  7.643341920515795E-002
  7.659831603108466E-002
  7.676337986094524E-002
  7.692861066134225E-002
  7.709400839888490E-002
  7.725957304018911E-002
  7.742530455187747E-002
  7.759120290057923E-002
  7.775726805293033E-002
  7.792349997557338E-002
  7.808989863515764E-002
  7.825646399833906E-002
  7.842319603178029E-002
  7.859009470215056E-002
  7.875715997612584E-002
  7.892439182038875E-002
  7.909179020162856E-002
  7.925935508654119E-002
  7.942708644182925E-002
  7.959498423420198E-002
  7.976304843037531E-002
  7.993127899707179E-002
  8.009967590102067E-002
  8.026823910895779E-002
  8.043696858762570E-002
  8.060586430377356E-002
  8.077492622415722E-002
  8.094415431553915E-002
  8.111354854468848E-002
  8.128310887838097E-002
  8.145283528339903E-002
  8.162272772653173E-002
  8.179278617457475E-002
  8.196301059433045E-002
  8.213340095260778E-002
  8.230395721622238E-002
  8.247467935199650E-002
  8.264556732675900E-002
  8.281662110734540E-002
  8.298784066059788E-002
  8.315922595336518E-002
  8.333077695250275E-002
  8.350249362487262E-002
  8.367437593734346E-002
  8.384642385679054E-002
  8.401863735009581E-002
  8.419101638414778E-002
  8.436356092584163E-002
  8.453627094207915E-002
  8.470914639976872E-002
  8.488218726582536E-002
  8.505539350717072E-002
  8.522876509073302E-002
  8.540230198344714E-002
  8.557600415225455E-002
  8.574987156410335E-002
  8.592390418594824E-002
  8.609810198475051E-002
  8.627246492747807E-002
  8.644699298110546E-002
  8.662168611261377E-002
  8.679654428899075E-002
  8.697156747723071E-002
  8.714675564433459E-002
  8.732210875730992E-002
  8.749762678317080E-002
  8.767330968893798E-002
  8.784915744163876E-002
  8.802517000830706E-002
  8.820134735598338E-002
  8.837768945171481E-002
  8.855419626255503E-002
  8.873086775556432E-002
  8.890770389780954E-002
  8.908470465636412E-002
  8.926186999830810E-002
  8.943919989072809E-002
  8.961669430071730E-002
  8.979435319537549E-002
  8.997217654180903E-002
  9.015016430713084E-002
  9.032831645846044E-002
  9.050663296292391E-002
  9.068511378765391E-002
  9.086375889978969E-002
  9.104256826647703E-002
  9.122154185486832E-002
  9.140067963212249E-002
  9.157998156540506E-002
  9.175944762188810E-002
  9.193907776875027E-002
  9.211887197317677E-002
  9.229883020235936E-002
  9.247895242349637E-002
  9.265923860379269E-002
  9.283968871045975E-002
  9.302030271071558E-002
  9.320108057178474E-002
  9.338202226089834E-002
  9.356312774529403E-002
