  0.000000000000000E+000
  0.000000000000000E+000
  1.999000333250000E-007
  5.995002998583835E-007
  1.198601199183783E-006
  1.997003330385482E-006
  2.994507491849012E-006
  4.190914681061949E-006
  5.586026094414917E-006
  7.179643127002778E-006
  8.971567372426030E-006
  1.096160062259240E-005
  1.314954486751865E-005
  1.553520229513252E-005
  1.811837529107498E-005
  2.089886643850257E-005
  2.387647851789002E-005
  2.705101450683297E-005
  3.042227757985102E-005
  3.399007110819084E-005
  3.775419865962961E-005
  4.171446399827852E-005
  4.587067108438657E-005
  5.022262407414453E-005
  5.477012731948908E-005
  5.951298536790718E-005
  6.445100296224060E-005
  6.958398504049068E-005
  7.491173673562327E-005
  8.043406337537385E-005
  8.615077048205283E-005
  9.206166377235114E-005
  9.816654915714590E-005
  1.044652327413063E-004
  1.109575208234999E-004
  1.176432198959985E-004
  1.245221366444851E-004
  1.315940779478605E-004
  1.388588508780497E-004
  1.463162626998098E-004
  1.539661208705363E-004
  1.618082330400716E-004
  1.698424070505118E-004
  1.780684509360148E-004
  1.864861729226086E-004
  1.950953814279992E-004
  2.038958850613791E-004
  2.128874926232361E-004
  2.220700131051618E-004
  2.314432556896608E-004
  2.410070297499598E-004
  2.507611448498169E-004
  2.607054107433314E-004
  2.708396373747534E-004
  2.811636348782937E-004
  2.916772135779340E-004
  3.023801839872372E-004
  3.132723568091579E-004
  3.243535429358531E-004
  3.356235534484933E-004
  3.470821996170733E-004
  3.587292929002235E-004
  3.705646449450214E-004
  3.825880675868036E-004
  3.947993728489768E-004
  4.071983729428308E-004
  4.197848802673500E-004
  4.325587074090261E-004
  4.455196671416708E-004
  4.586675724262280E-004
  4.720022364105875E-004
  4.855234724293977E-004
  4.992310940038792E-004
  5.131249148416380E-004
  5.272047488364793E-004
  5.414704100682218E-004
  5.559217128025110E-004
  5.705584714906344E-004
  5.853805007693351E-004
  6.003876154606271E-004
  6.155796305716096E-004
  6.309563612942824E-004
  6.465176230053606E-004
  6.622632312660908E-004
  6.781930018220656E-004
  6.943067506030406E-004
  7.106042937227490E-004
  7.270854474787186E-004
  7.437500283520880E-004
  7.605978530074227E-004
  7.776287382925322E-004
  7.948425012382865E-004
  8.122389590584332E-004
  8.298179291494149E-004
  8.475792290901866E-004
  8.655226766420331E-004
  8.836480897483867E-004
  9.019552865346454E-004
  9.204440853079907E-004
  9.391143045572063E-004
  9.579657629524964E-004
  9.769982793453045E-004
  9.962116727681315E-004
  1.015605762434356E-003
  1.035180367738053E-003
  1.054935308253811E-003
  1.074870403736558E-003
  1.094985474121373E-003
  1.115280339523312E-003
  1.135754820237225E-003
  1.156408736737578E-003
  1.177241909678272E-003
  1.198254159892466E-003
  1.219445308392394E-003
  1.240815176369191E-003
  1.262363585192709E-003
  1.284090356411343E-003
  1.305995311751848E-003
  1.328078273119165E-003
  1.350339062596242E-003
  1.372777502443852E-003
  1.395393415100420E-003
  1.418186623181845E-003
  1.441156949481319E-003
  1.464304216969155E-003
  1.487628248792604E-003
  1.511128868275685E-003
  1.534805898919001E-003
  1.558659164399570E-003
  1.582688488570641E-003
  1.606893695461524E-003
  1.631274609277412E-003
  1.655831054399203E-003
  1.680562855383328E-003
  1.705469836961574E-003
  1.730551824040907E-003
  1.755808641703299E-003
  1.781240115205556E-003
  1.806846069979133E-003
  1.832626331629974E-003
  1.858580725938323E-003
  1.884709078858561E-003
  1.911011216519028E-003
  1.937486965221845E-003
  1.964136151442747E-003
  1.990958601830906E-003
  2.017954143208758E-003
  2.045122602571829E-003
  2.072463807088564E-003
  2.099977584100155E-003
  2.127663761120363E-003
  2.155522165835351E-003
  2.183552626103509E-003
  2.211754969955285E-003
  2.240129025593006E-003
  2.268674621390714E-003
  2.297391585893991E-003
  2.326279747819787E-003
  2.355338936056250E-003
  2.384568979662553E-003
  2.413969707868726E-003
  2.443540950075484E-003
  2.473282535854053E-003
  2.503194294946006E-003
  2.533276057263088E-003
  2.563527652887046E-003
  2.593948912069463E-003
  2.624539665231582E-003
  2.655299742964144E-003
  2.686228976027212E-003
  2.717327195350005E-003
  2.748594232030728E-003
  2.780029917336404E-003
  2.811634082702704E-003
  2.843406559733779E-003
  2.875347180202093E-003
  2.907455776048251E-003
  2.939732179380836E-003
  2.972176222476237E-003
  3.004787737778483E-003
  3.037566557899076E-003
  3.070512515616821E-003
  3.103625443877663E-003
  3.136905175794515E-003
  3.170351544647097E-003
  3.203964383881762E-003
  3.237743527111337E-003
  3.271688808114950E-003
  3.305800060837869E-003
  3.340077119391333E-003
  3.374519818052386E-003
  3.409127991263713E-003
  3.443901473633474E-003
  3.478840099935137E-003
  3.513943705107315E-003
  3.549212124253600E-003
  3.584645192642396E-003
  3.620242745706759E-003
  3.656004619044226E-003
  3.691930648416660E-003
  3.728020669750075E-003
  3.764274519134479E-003
  3.800692032823706E-003
  3.837273047235259E-003
  3.874017398950137E-003
  3.910924924712678E-003
  3.947995461430394E-003
  3.985228846173809E-003
  4.022624916176295E-003
  4.060183508833907E-003
  4.097904461705225E-003
  4.135787612511187E-003
  4.173832799134931E-003
  4.212039859621630E-003
  4.250408632178332E-003
  4.288938955173796E-003
  4.327630667138330E-003
  4.366483606763633E-003
  4.405497612902633E-003
  4.444672524569320E-003
  4.484008180938595E-003
  4.523504421346099E-003
  4.563161085288059E-003
  4.602978012421127E-003
  4.642955042562217E-003
  4.683092015688343E-003
  4.723388771936467E-003
  4.763845151603332E-003
  4.804460995145304E-003
  4.845236143178213E-003
  4.886170436477194E-003
  4.927263715976528E-003
  4.968515822769479E-003
  5.009926598108142E-003
  5.051495883403278E-003
  5.093223520224161E-003
  5.135109350298413E-003
  5.177153215511853E-003
  5.219354957908330E-003
  5.261714419689575E-003
  5.304231443215037E-003
  5.346905871001726E-003
  5.389737545724057E-003
  5.432726310213690E-003
  5.475872007459379E-003
  5.519174480606807E-003
  5.562633572958432E-003
  5.606249127973337E-003
  5.650020989267061E-003
  5.693949000611454E-003
  5.738033005934513E-003
  5.782272849320232E-003
  5.826668375008439E-003
  5.871219427394650E-003
  5.915925851029902E-003
  5.960787490620607E-003
  6.005804191028391E-003
  6.050975797269941E-003
  6.096302154516850E-003
  6.141783108095464E-003
  6.187418503486724E-003
  6.233208186326010E-003
  6.279152002402993E-003
  6.325249797661477E-003
  6.371501418199245E-003
  6.417906710267904E-003
  6.464465520272732E-003
  6.511177694772529E-003
  6.558043080479453E-003
  6.605061524258880E-003
  6.652232873129240E-003
  6.699556974261870E-003
  6.747033674980857E-003
  6.794662822762889E-003
  6.842444265237101E-003
  6.890377850184925E-003
  6.938463425539931E-003
  6.986700839387682E-003
  7.035089939965581E-003
  7.083630575662713E-003
  7.132322595019704E-003
  7.181165846728559E-003
  7.230160179632517E-003
  7.279305442725898E-003
  7.328601485153955E-003
  7.378048156212715E-003
  7.427645305348838E-003
  7.477392782159462E-003
  7.527290436392047E-003
  7.577338117944239E-003
  7.627535676863705E-003
  7.677882963347992E-003
  7.728379827744374E-003
  7.779026120549702E-003
  7.829821692410257E-003
  7.880766394121599E-003
  7.931860076628416E-003
  7.983102591024379E-003
  8.034493788551991E-003
  8.086033520602437E-003
  8.137721638715435E-003
  8.189557994579091E-003
  8.241542440029750E-003
  8.293674827051845E-003
  8.345955007777748E-003
  8.398382834487629E-003
  8.450958159609303E-003
  8.503680835718083E-003
  8.556550715536631E-003
  8.609567651934817E-003
  8.662731497929564E-003
  8.716042106684705E-003
  8.769499331510838E-003
  8.823103025865175E-003
  8.876853043351398E-003
  8.930749237719511E-003
  8.984791462865698E-003
  9.038979572832171E-003
  9.093313421807031E-003
  9.147792864124111E-003
  9.202417754262842E-003
  9.257187946848103E-003
  9.312103296650075E-003
  9.367163658584095E-003
  9.422368887710511E-003
  9.477718839234544E-003
  9.533213368506129E-003
  9.588852331019785E-003
  9.644635582414463E-003
  9.700562978473402E-003
  9.756634375123986E-003
  9.812849628437599E-003
  9.869208594629485E-003
  9.925711130058596E-003
  9.982357091227455E-003
  1.003914633478201E-002
  1.009607871751150E-002
  1.015315409634829E-002
  1.021037232836774E-002
  1.026773327078809E-002
  1.032523678097025E-002
  1.038288271641773E-002
  1.044067093477644E-002
  1.049860129383461E-002
  1.055667365152256E-002
  1.061488786591266E-002
  1.067324379521910E-002
  1.073174129779780E-002
  1.079038023214625E-002
  1.084916045690337E-002
  1.090808183084938E-002
  1.096714421290564E-002
  1.102634746213451E-002
  1.108569143773925E-002
  1.114517599906380E-002
  1.120480100559272E-002
  1.126456631695100E-002
  1.132447179290395E-002
  1.138451729335703E-002
  1.144470267835573E-002
  1.150502780808541E-002
  1.156549254287121E-002
  1.162609674317783E-002
  1.168684026960948E-002
  1.174772298290966E-002
  1.180874474396108E-002
  1.186990541378548E-002
  1.193120485354353E-002
  1.199264292453465E-002
  1.205421948819691E-002
  1.211593440610684E-002
  1.217778753997937E-002
  1.223977875166762E-002
  1.230190790316277E-002
  1.236417485659398E-002
  1.242657947422818E-002
  1.248912161846999E-002
  1.255180115186153E-002
  1.261461793708233E-002
  1.267757183694915E-002
  1.274066271441589E-002
  1.280389043257342E-002
  1.286725485464944E-002
  1.293075584400837E-002
  1.299439326415117E-002
  1.305816697871526E-002
  1.312207685147434E-002
  1.318612274633828E-002
  1.325030452735295E-002
  1.331462205870013E-002
  1.337907520469734E-002
  1.344366382979770E-002
  1.350838779858984E-002
  1.357324697579772E-002
  1.363824122628049E-002
  1.370337041503240E-002
  1.376863440718263E-002
  1.383403306799515E-002
  1.389956626286862E-002
  1.396523385733622E-002
  1.403103571706553E-002
  1.409697170785840E-002
  1.416304169565081E-002
  1.422924554651274E-002
  1.429558312664803E-002
  1.436205430239424E-002
  1.442865894022255E-002
  1.449539690673757E-002
  1.456226806867727E-002
  1.462927229291279E-002
  1.469640944644834E-002
  1.476367939642108E-002
  1.483108201010093E-002
  1.489861715489051E-002
  1.496628469832494E-002
  1.503408450807175E-002
  1.510201645193076E-002
  1.517008039783388E-002
  1.523827621384505E-002
  1.530660376816009E-002
  1.537506292910652E-002
  1.544365356514351E-002
  1.551237554486168E-002
  1.558122873698299E-002
  1.565021301036063E-002
  1.571932823397886E-002
  1.578857427695289E-002
  1.585795100852875E-002
  1.592745829808317E-002
  1.599709601512342E-002
  1.606686402928721E-002
  1.613676221034255E-002
  1.620679042818760E-002
  1.627694855285056E-002
  1.634723645448957E-002
  1.641765400339250E-002
  1.648820106997689E-002
  1.655887752478980E-002
  1.662968323850767E-002
  1.670061808193622E-002
  1.677168192601025E-002
  1.684287464179363E-002
  1.691419610047903E-002
  1.698564617338793E-002
  1.705722473197037E-002
  1.712893164780490E-002
  1.720076679259844E-002
  1.727273003818611E-002
  1.734482125653115E-002
  1.741704031972477E-002
  1.748938709998601E-002
  1.756186146966166E-002
  1.763446330122606E-002
  1.770719246728104E-002
  1.778004884055576E-002
  1.785303229390657E-002
  1.792614270031693E-002
  1.799937993289722E-002
  1.807274386488467E-002
  1.814623436964319E-002
  1.821985132066329E-002
  1.829359459156191E-002
  1.836746405608230E-002
  1.844145958809392E-002
  1.851558106159228E-002
  1.858982835069886E-002
  1.866420132966094E-002
  1.873869987285147E-002
  1.881332385476900E-002
  1.888807315003748E-002
  1.896294763340622E-002
  1.903794717974968E-002
  1.911307166406740E-002
  1.918832096148385E-002
  1.926369494724832E-002
  1.933919349673478E-002
  1.941481648544177E-002
  1.949056378899228E-002
  1.956643528313359E-002
  1.964243084373719E-002
  1.971855034679863E-002
  1.979479366843740E-002
  1.987116068489682E-002
  1.994765127254388E-002
  2.002426530786917E-002
  2.010100266748671E-002
  2.017786322813385E-002
  2.025484686667114E-002
  2.033195346008222E-002
  2.040918288547365E-002
  2.048653502007487E-002
  2.056400974123798E-002
  2.064160692643771E-002
  2.071932645327123E-002
  2.079716819945805E-002
  2.087513204283991E-002
  2.095321786138065E-002
  2.103142553316608E-002
  2.110975493640384E-002
  2.118820594942334E-002
  2.126677845067558E-002
  2.134547231873305E-002
  2.142428743228962E-002
  2.150322367016037E-002
  2.158228091128154E-002
  2.166145903471037E-002
  2.174075791962496E-002
  2.182017744532419E-002
  2.189971749122758E-002
  2.197937793687515E-002
  2.205915866192736E-002
  2.213905954616490E-002
  2.221908046948867E-002
  2.229922131191956E-002
  2.237948195359841E-002
  2.245986227478585E-002
  2.254036215586221E-002
  2.262098147732734E-002
  2.270172011980055E-002
  2.278257796402048E-002
  2.286355489084497E-002
  2.294465078125093E-002
  2.302586551633425E-002
  2.310719897730963E-002
  2.318865104551055E-002
  2.327022160238906E-002
  2.335191052951569E-002
  2.343371770857938E-002
  2.351564302138729E-002
  2.359768634986472E-002
  2.367984757605499E-002
  2.376212658211931E-002
  2.384452325033670E-002
  2.392703746310379E-002
  2.400966910293480E-002
  2.409241805246136E-002
  2.417528419443240E-002
  2.425826741171406E-002
  2.434136758728954E-002
  2.442458460425901E-002
  2.450791834583948E-002
  2.459136869536468E-002
  2.467493553628495E-002
  2.475861875216712E-002
  2.484241822669440E-002
  2.492633384366625E-002
  2.501036548699829E-002
  2.509451304072213E-002
  2.517877638898533E-002
  2.526315541605123E-002
  2.534765000629884E-002
  2.543226004422274E-002
  2.551698541443296E-002
  2.560182600165487E-002
  2.568678169072904E-002
  2.577185236661115E-002
  2.585703791437186E-002
  2.594233821919672E-002
  2.602775316638601E-002
  2.611328264135468E-002
  2.619892652963220E-002
  2.628468471686244E-002
  2.637055708880357E-002
  2.645654353132797E-002
  2.654264393042206E-002
  2.662885817218623E-002
  2.671518614283472E-002
  2.680162772869549E-002
  2.688818281621011E-002
  2.697485129193367E-002
  2.706163304253462E-002
  2.714852795479472E-002
  2.723553591560885E-002
  2.732265681198498E-002
  2.740989053104399E-002
  2.749723696001958E-002
  2.758469598625819E-002
  2.767226749721883E-002
  2.775995138047299E-002
  2.784774752370455E-002
  2.793565581470965E-002
  2.802367614139657E-002
  2.811180839178563E-002
  2.820005245400906E-002
  2.828840821631091E-002
  2.837687556704696E-002
  2.846545439468452E-002
  2.855414458780243E-002
  2.864294603509086E-002
  2.873185862535126E-002
  2.882088224749620E-002
  2.891001679054930E-002
  2.899926214364509E-002
  2.908861819602891E-002
  2.917808483705681E-002
  2.926766195619543E-002
  2.935734944302186E-002
  2.944714718722359E-002
  2.953705507859835E-002
  2.962707300705403E-002
  2.971720086260855E-002
  2.980743853538974E-002
  2.989778591563528E-002
  2.998824289369253E-002
  3.007880936001847E-002
  3.016948520517955E-002
  3.026027031985161E-002
  3.035116459481975E-002
  3.044216792097824E-002
  3.053328018933040E-002
  3.062450129098848E-002
  3.071583111717358E-002
  3.080726955921552E-002
  3.089881650855272E-002
  3.099047185673213E-002
  3.108223549540909E-002
  3.117410731634722E-002
  3.126608721141835E-002
  3.135817507260234E-002
  3.145037079198707E-002
  3.154267426176824E-002
  3.163508537424930E-002
  3.172760402184137E-002
  3.182023009706308E-002
  3.191296349254050E-002
  3.200580410100700E-002
  3.209875181530320E-002
  3.219180652837680E-002
  3.228496813328250E-002
  3.237823652318190E-002
  3.247161159134338E-002
  3.256509323114200E-002
  3.265868133605940E-002
  3.275237579968365E-002
  3.284617651570923E-002
  3.294008337793684E-002
  3.303409628027332E-002
  3.312821511673157E-002
  3.322243978143043E-002
  3.331677016859455E-002
  3.341120617255431E-002
  3.350574768774570E-002
  3.360039460871023E-002
  3.369514683009481E-002
  3.379000424665166E-002
  3.388496675323817E-002
  3.398003424481685E-002
  3.407520661645519E-002
  3.417048376332553E-002
  3.426586558070503E-002
  3.436135196397549E-002
  3.445694280862328E-002
  3.455263801023925E-002
  3.464843746451858E-002
  3.474434106726072E-002
  3.484034871436927E-002
  3.493646030185187E-002
  3.503267572582008E-002
  3.512899488248932E-002
  3.522541766817876E-002
  3.532194397931115E-002
  3.541857371241282E-002
  3.551530676411346E-002
  3.561214303114614E-002
  3.570908241034711E-002
  3.580612479865575E-002
  3.590327009311442E-002
  3.600051819086842E-002
  3.609786898916583E-002
  3.619532238535745E-002
  3.629287827689666E-002
  3.639053656133935E-002
  3.648829713634380E-002
  3.658615989967056E-002
  3.668412474918240E-002
  3.678219158284415E-002
  3.688036029872264E-002
  3.697863079498658E-002
  3.707700296990645E-002
  3.717547672185442E-002
  3.727405194930423E-002
  3.737272855083112E-002
  3.747150642511166E-002
  3.757038547092371E-002
  3.766936558714634E-002
  3.776844667275963E-002
  3.786762862684466E-002
  3.796691134858339E-002
  3.806629473725852E-002
  3.816577869225343E-002
  3.826536311305208E-002
  3.836504789923886E-002
  3.846483295049857E-002
  3.856471816661625E-002
  3.866470344747709E-002
  3.876478869306638E-002
  3.886497380346935E-002
  3.896525867887111E-002
  3.906564321955652E-002
  3.916612732591011E-002
  3.926671089841598E-002
  3.936739383765770E-002
  3.946817604431819E-002
  3.956905741917965E-002
  3.967003786312347E-002
  3.977111727713006E-002
  3.987229556227883E-002
  3.997357261974806E-002
  4.007494835081479E-002
  4.017642265685477E-002
  4.027799543934227E-002
  4.037966659985007E-002
  4.048143604004933E-002
  4.058330366170949E-002
  4.068526936669814E-002
  4.078733305698099E-002
  4.088949463462173E-002
  4.099175400178191E-002
  4.109411106072090E-002
  4.119656571379576E-002
  4.129911786346112E-002
  4.140176741226913E-002
  4.150451426286932E-002
  4.160735831800854E-002
  4.171029948053084E-002
  4.181333765337738E-002
  4.191647273958631E-002
  4.201970464229271E-002
  4.212303326472848E-002
  4.222645851022223E-002
  4.232998028219921E-002
  4.243359848418117E-002
  4.253731301978630E-002
  4.264112379272915E-002
  4.274503070682047E-002
  4.284903366596716E-002
  4.295313257417218E-002
  4.305732733553443E-002
  4.316161785424866E-002
  4.326600403460539E-002
  4.337048578099078E-002
  4.347506299788657E-002
  4.357973558986998E-002
  4.368450346161359E-002
  4.378936651788525E-002
  4.389432466354802E-002
  4.399937780356004E-002
  4.410452584297445E-002
  4.420976868693925E-002
  4.431510624069730E-002
  4.442053840958615E-002
  4.452606509903795E-002
  4.463168621457938E-002
  4.473740166183155E-002
  4.484321134650990E-002
  4.494911517442412E-002
  4.505511305147801E-002
  4.516120488366945E-002
  4.526739057709026E-002
  4.537367003792613E-002
  4.548004317245651E-002
  4.558650988705452E-002
  4.569307008818688E-002
  4.579972368241378E-002
  4.590647057638880E-002
  4.601331067685883E-002
  4.612024389066397E-002
  4.622727012473742E-002
  4.633438928610541E-002
  4.644160128188708E-002
  4.654890601929443E-002
  4.665630340563218E-002
  4.676379334829772E-002
  4.687137575478098E-002
  4.697905053266436E-002
  4.708681758962262E-002
  4.719467683342283E-002
  4.730262817192420E-002
  4.741067151307810E-002
  4.751880676492783E-002
  4.762703383560864E-002
  4.773535263334759E-002
  4.784376306646348E-002
  4.795226504336673E-002
  4.806085847255932E-002
  4.816954326263466E-002
  4.827831932227753E-002
  4.838718656026399E-002
  4.849614488546126E-002
  4.860519420682767E-002
  4.871433443341253E-002
  4.882356547435605E-002
  4.893288723888928E-002
  4.904229963633398E-002
  4.915180257610251E-002
  4.926139596769783E-002
  4.937107972071331E-002
  4.948085374483270E-002
  4.959071794983002E-002
  4.970067224556946E-002
  4.981071654200532E-002
  4.992085074918187E-002
  5.003107477723333E-002
  5.014138853638370E-002
  5.025179193694675E-002
  5.036228488932588E-002
  5.047286730401401E-002
  5.058353909159355E-002
  5.069430016273629E-002
  5.080515042820330E-002
  5.091608979884483E-002
  5.102711818560023E-002
  5.113823549949791E-002
  5.124944165165515E-002
  5.136073655327810E-002
  5.147212011566166E-002
  5.158359225018939E-002
  5.169515286833341E-002
  5.180680188165433E-002
  5.191853920180116E-002
  5.203036474051120E-002
  5.214227840961000E-002
  5.225428012101122E-002
  5.236636978671654E-002
  5.247854731881565E-002
  5.259081262948605E-002
  5.270316563099307E-002
  5.281560623568967E-002
  5.292813435601647E-002
  5.304074990450158E-002
  5.315345279376055E-002
  5.326624293649624E-002
  5.337912024549880E-002
  5.349208463364553E-002
  5.360513601390080E-002
  5.371827429931601E-002
  5.383149940302941E-002
  5.394481123826610E-002
  5.405820971833793E-002
  5.417169475664334E-002
  5.428526626666740E-002
  5.439892416198159E-002
  5.451266835624379E-002
  5.462649876319820E-002
  5.474041529667522E-002
  5.485441787059137E-002
  5.496850639894922E-002
  5.508268079583729E-002
  5.519694097542998E-002
  5.531128685198745E-002
  5.542571833985557E-002
  5.554023535346583E-002
  5.565483780733523E-002
  5.576952561606621E-002
  5.588429869434659E-002
  5.599915695694941E-002
  5.611410031873296E-002
  5.622912869464057E-002
  5.634424199970062E-002
  5.645944014902642E-002
  5.657472305781608E-002
  5.669009064135253E-002
  5.680554281500334E-002
  5.692107949422066E-002
  5.703670059454119E-002
  5.715240603158601E-002
  5.726819572106054E-002
  5.738406957875447E-002
  5.750002752054166E-002
  5.761606946238004E-002
  5.773219532031154E-002
  5.784840501046201E-002
  5.796469844904114E-002
  5.808107555234236E-002
  5.819753623674275E-002
  5.831408041870301E-002
  5.843070801476731E-002
  5.854741894156323E-002
  5.866421311580170E-002
  5.878109045427688E-002
  5.889805087386610E-002
  5.901509429152978E-002
  5.913222062431134E-002
  5.924942978933708E-002
  5.936672170381618E-002
  5.948409628504053E-002
  5.960155345038472E-002
  5.971909311730591E-002
  5.983671520334374E-002
  5.995441962612031E-002
  6.007220630334003E-002
  6.019007515278956E-002
  6.030802609233775E-002
  6.042605903993553E-002
  6.054417391361585E-002
  6.066237063149357E-002
  6.078064911176540E-002
  6.089900927270982E-002
  6.101745103268697E-002
  6.113597431013861E-002
  6.125457902358802E-002
  6.137326509163990E-002
  6.149203243298031E-002
  6.161088096637658E-002
  6.172981061067725E-002
  6.184882128481195E-002
  6.196791290779134E-002
  6.208708539870705E-002
  6.220633867673155E-002
  6.232567266111813E-002
  6.244508727120075E-002
  6.256458242639402E-002
  6.268415804619309E-002
  6.280381405017357E-002
  6.292355035799146E-002
  6.304336688938306E-002
  6.316326356416489E-002
  6.328324030223363E-002
  6.340329702356599E-002
  6.352343364821872E-002
  6.364365009632841E-002
  6.376394628811152E-002
  6.388432214386422E-002
  6.400477758396236E-002
  6.412531252886138E-002
  6.424592689909620E-002
  6.436662061528120E-002
  6.448739359811008E-002
  6.460824576835583E-002
  6.472917704687060E-002
  6.485018735458568E-002
  6.497127661251136E-002
  6.509244474173689E-002
  6.521369166343040E-002
  6.533501729883880E-002
  6.545642156928770E-002
  6.557790439618140E-002
  6.569946570100270E-002
  6.582110540531290E-002
  6.594282343075170E-002
  6.606461969903711E-002
  6.618649413196541E-002
  6.630844665141100E-002
  6.643047717932642E-002
  6.655258563774218E-002
  6.667477194876674E-002
  6.679703603458638E-002
  6.691937781746521E-002
  6.704179721974499E-002
  6.716429416384510E-002
  6.728686857226251E-002
  6.740952036757161E-002
  6.753224947242419E-002
  6.765505580954934E-002
  6.777793930175340E-002
  6.790089987191984E-002
  6.802393744300923E-002
  6.814705193805916E-002
  6.827024328018409E-002
  6.839351139257537E-002
  6.851685619850111E-002
  6.864027762130608E-002
  6.876377558441171E-002
  6.888735001131598E-002
  6.901100082559329E-002
  6.913472795089445E-002
  6.925853131094659E-002
  6.938241082955304E-002
  6.950636643059332E-002
  6.963039803802304E-002
  6.975450557587379E-002
  6.987868896825310E-002
  7.000294813934436E-002
  7.012728301340675E-002
  7.025169351477510E-002
  7.037617956785995E-002
  7.050074109714731E-002
  7.062537802719872E-002
  7.075009028265110E-002
  7.087487778821670E-002
  7.099974046868303E-002
  7.112467824891275E-002
  7.124969105384363E-002
  7.137477880848848E-002
  7.149994143793505E-002
  7.162517886734594E-002
  7.175049102195860E-002
  7.187587782708518E-002
  7.200133920811247E-002
  7.212687509050184E-002
  7.225248539978917E-002
  7.237817006158476E-002
  7.250392900157326E-002
  7.262976214551362E-002
  7.275566941923897E-002
  7.288165074865659E-002
  7.300770605974777E-002
  7.313383527856784E-002
  7.326003833124600E-002
  7.338631514398533E-002
  7.351266564306261E-002
  7.351266564306261E-002
  7.351266564306261E-002
  7.351266564306261E-002
  7.351266564306261E-002
  7.351266564306261E-002
  7.351266564306261E-002
  7.351266564306261E-002
  7.351266564306261E-002
  7.351266564306261E-002
  7.351266564306261E-002
  7.351266564306261E-002
  7.351266564306261E-002
  7.351266564306261E-002
  7.351266564306261E-002
  7.351266564306261E-002
  7.351266564306261E-002
  7.351266564306261E-002
  7.351266564306261E-002
  7.351266564306261E-002
  7.351266564306261E-002
  7.351266564306261E-002
  7.351266564306261E-002
  7.351266564306261E-002
  7.351266564306261E-002
  7.351266564306261E-002
  7.351266564306261E-002
  7.351266564306261E-002
  7.351266564306261E-002
  7.351266564306261E-002
  7.351266564306261E-002
  7.351266564306261E-002
  7.351266564306261E-002
  7.351266564306261E-002
  7.351266564306261E-002
  7.351266564306261E-002
  7.351266564306261E-002
  7.351266564306261E-002
  7.351266564306261E-002
  7.351266564306261E-002
  7.351266564306261E-002
  7.351266564306261E-002
  7.351266564306261E-002
  7.351266564306261E-002
  7.351266564306261E-002
  7.351266564306261E-002
  7.351266564306261E-002
  7.351266564306261E-002
  7.351266564306261E-002
  7.351266564306261E-002
  7.351266564306261E-002
  7.351266564306261E-002
  7.351266564306261E-002
  7.351266564306261E-002
  7.351266564306261E-002
  7.351266564306261E-002
  7.351266564306261E-002
  7.351266564306261E-002
  7.351266564306261E-002
  7.351266564306261E-002
  7.351266564306261E-002
  7.351266564306261E-002
  7.351266564306261E-002
  7.351266564306261E-002
  7.351266564306261E-002
  7.351266564306261E-002
  7.351266564306261E-002
  7.351266564306261E-002
  7.351266564306261E-002
  7.351266564306261E-002
  7.351266564306261E-002
  7.351266564306261E-002
  7.351266564306261E-002
  7.351266564306261E-002
  7.351266564306261E-002
  7.351266564306261E-002
  7.351266564306261E-002
  7.351266564306261E-002
  7.351266564306261E-002
  7.351266564306261E-002
  7.351266564306261E-002
  7.351266564306261E-002
  7.351266564306261E-002
  7.351266564306261E-002
  7.351266564306261E-002
  7.351266564306261E-002
  7.351266564306261E-002
  7.351266564306261E-002
  7.351266564306261E-002
  7.351266564306261E-002
  7.351266564306261E-002
  7.351266564306261E-002
  7.351266564306261E-002
  7.351266564306261E-002
  7.351266564306261E-002
  7.351266564306261E-002
  7.351266564306261E-002
  7.351266564306261E-002
  7.351266564306261E-002
  7.351266564306261E-002
  7.351266564306261E-002
  7.351266564306261E-002
  7.351266564306261E-002
  7.351266564306261E-002
  7.351266564306261E-002
  7.351266564306261E-002
  7.351266564306261E-002
  7.351266564306261E-002
  7.351266564306261E-002
  7.351266564306261E-002
  7.351266564306261E-002
  7.351266564306261E-002
  7.351266564306261E-002
  7.351266564306261E-002
  7.351266564306261E-002
  7.351266564306261E-002
  7.351266564306261E-002
  7.351266564306261E-002
  7.351266564306261E-002
  7.351266564306261E-002
  7.351266564306261E-002
  7.351266564306261E-002
  7.351266564306261E-002
  7.351266564306261E-002
  7.351266564306261E-002
  7.351266564306261E-002
  7.351266564306261E-002
  7.351266564306261E-002
  7.351266564306261E-002
  7.351266564306261E-002
  7.351266564306261E-002
  7.351266564306261E-002
  7.351266564306261E-002
  7.351266564306261E-002
  7.351266564306261E-002
  7.351266564306261E-002
  7.351266564306261E-002
  7.351266564306261E-002
  7.351266564306261E-002
  7.351266564306261E-002
  7.351266564306261E-002
  7.351266564306261E-002
  7.351266564306261E-002
  7.351266564306261E-002
  7.351266564306261E-002
  7.351266564306261E-002
  7.351266564306261E-002
  7.351266564306261E-002
  7.351266564306261E-002
  7.351266564306261E-002
  7.351266564306261E-002
  7.351266564306261E-002
  7.351266564306261E-002
  7.351266564306261E-002
  7.351266564306261E-002
  7.351266564306261E-002
  7.351266564306261E-002
  7.351266564306261E-002
  7.351266564306261E-002
  7.351266564306261E-002
  7.351266564306261E-002
  7.351266564306261E-002
  7.351266564306261E-002
  7.351266564306261E-002
  7.351266564306261E-002
  7.351266564306261E-002
  7.351266564306261E-002
  7.351266564306261E-002
  7.351266564306261E-002
  7.351266564306261E-002
  7.351266564306261E-002
  7.351266564306261E-002
  7.351266564306261E-002
  7.351266564306261E-002
  7.351266564306261E-002
  7.351266564306261E-002
  7.351266564306261E-002
  7.351266564306261E-002
  7.351266564306261E-002
  7.351266564306261E-002
  7.351266564306261E-002
  7.351266564306261E-002
  7.351266564306261E-002
  7.351266564306261E-002
  7.351266564306261E-002
  7.351266564306261E-002
  7.351266564306261E-002
  7.351266564306261E-002
  7.351266564306261E-002
  7.351266564306261E-002
  7.351266564306261E-002
  7.351266564306261E-002
  7.351266564306261E-002
  7.351266564306261E-002
  7.351266564306261E-002
  7.351266564306261E-002
  7.351266564306261E-002
  7.351266564306261E-002
  7.351266564306261E-002
  7.351266564306261E-002
  7.351266564306261E-002
  7.351266564306261E-002
  7.351266564306261E-002
  7.351266564306261E-002
  7.351266564306261E-002
  7.351266564306261E-002
  7.351266564306261E-002
  7.351266564306261E-002
  7.351266564306261E-002
  7.351266564306261E-002
  7.351266564306261E-002
  7.351266564306261E-002
  7.351266564306261E-002
  7.351266564306261E-002
  7.351266564306261E-002
  7.351266564306261E-002
  7.351266564306261E-002
  7.351266564306261E-002
  7.351266564306261E-002
  7.351266564306261E-002
  7.351266564306261E-002
  7.351266564306261E-002
  7.351266564306261E-002
  7.351266564306261E-002
  7.351266564306261E-002
  7.351266564306261E-002
  7.351266564306261E-002
  7.351266564306261E-002
  7.351266564306261E-002
  7.351266564306261E-002
  7.351266564306261E-002
  7.351266564306261E-002
  7.351266564306261E-002
  7.351266564306261E-002
  7.351266564306261E-002
  7.351266564306261E-002
  7.351266564306261E-002
  7.351266564306261E-002
  7.351266564306261E-002
  7.351266564306261E-002
  7.351266564306261E-002
  7.351266564306261E-002
  7.351266564306261E-002
  7.351266564306261E-002
  7.351266564306261E-002
  7.351266564306261E-002
  7.351266564306261E-002
  7.351266564306261E-002
  7.351266564306261E-002
  7.351266564306261E-002
  7.351266564306261E-002
  7.351266564306261E-002
  7.351266564306261E-002
  7.351266564306261E-002
  7.351266564306261E-002
  7.351266564306261E-002
  7.351266564306261E-002
  7.351266564306261E-002
  7.351266564306261E-002
  7.351266564306261E-002
  7.351266564306261E-002
  7.351266564306261E-002
  7.351266564306261E-002
  7.351266564306261E-002
  7.351266564306261E-002
  7.351266564306261E-002
  7.351266564306261E-002
  7.351266564306261E-002
  7.351266564306261E-002
  7.351266564306261E-002
  7.351266564306261E-002
  7.351266564306261E-002
  7.351266564306261E-002
  7.351266564306261E-002
  7.351266564306261E-002
  7.351266564306261E-002
  7.351266564306261E-002
  7.351266564306261E-002
  7.351266564306261E-002
  7.351266564306261E-002
  7.351266564306261E-002
  7.351266564306261E-002
  7.351266564306261E-002
  7.351266564306261E-002
  7.351266564306261E-002
  7.351266564306261E-002
  7.351266564306261E-002
  7.351266564306261E-002
  7.351266564306261E-002
  7.351266564306261E-002
  7.351266564306261E-002
  7.351266564306261E-002
  7.351266564306261E-002
  7.351266564306261E-002
  7.351266564306261E-002
  7.351266564306261E-002
  7.351266564306261E-002
  7.351266564306261E-002
  7.351266564306261E-002
  7.351266564306261E-002
  7.351266564306261E-002
  7.351266564306261E-002
  7.351266564306261E-002
  7.351266564306261E-002
  7.351266564306261E-002
  7.351266564306261E-002
  7.351266564306261E-002
  7.351266564306261E-002
  7.351266564306261E-002
  7.351266564306261E-002
  7.351266564306261E-002
  7.351266564306261E-002
  7.351266564306261E-002
  7.351266564306261E-002
  7.351266564306261E-002
  7.351266564306261E-002
  7.351266564306261E-002
  7.351266564306261E-002
  7.351266564306261E-002
  7.351266564306261E-002
  7.351266564306261E-002
  7.351266564306261E-002
  7.351266564306261E-002
  7.351266564306261E-002
  7.351266564306261E-002
  7.351266564306261E-002
  7.351266564306261E-002
  7.351266564306261E-002
  7.351266564306261E-002
  7.351266564306261E-002
  7.351266564306261E-002
  7.351266564306261E-002
  7.351266564306261E-002
  7.351266564306261E-002
  7.351266564306261E-002
  7.351266564306261E-002
  7.351266564306261E-002
  7.351266564306261E-002
  7.351266564306261E-002
  7.351266564306261E-002
  7.351266564306261E-002
  7.351266564306261E-002
  7.351266564306261E-002
  7.351266564306261E-002
  7.351266564306261E-002
  7.351266564306261E-002
  7.351266564306261E-002
  7.351266564306261E-002
  7.351266564306261E-002
  7.351266564306261E-002
  7.351266564306261E-002
  7.351266564306261E-002
  7.351266564306261E-002
  7.351266564306261E-002
  7.351266564306261E-002
  7.351266564306261E-002
  7.351266564306261E-002
  7.351266564306261E-002
  7.351266564306261E-002
  7.351266564306261E-002
  7.351266564306261E-002
  7.351266564306261E-002
  7.351266564306261E-002
  7.351266564306261E-002
  7.351266564306261E-002
  7.351266564306261E-002
  7.351266564306261E-002
  7.351266564306261E-002
  7.351266564306261E-002
  7.351266564306261E-002
  7.351266564306261E-002
  7.351266564306261E-002
  7.351266564306261E-002
  7.351266564306261E-002
  7.351266564306261E-002
  7.351266564306261E-002
  7.351266564306261E-002
  7.351266564306261E-002
  7.351266564306261E-002
  7.351266564306261E-002
  7.351266564306261E-002
  7.351266564306261E-002
  7.351266564306261E-002
  7.351266564306261E-002
  7.351266564306261E-002
  7.351266564306261E-002
  7.351266564306261E-002
  7.351266564306261E-002
  7.351266564306261E-002
  7.351266564306261E-002
  7.351266564306261E-002
  7.351266564306261E-002
  7.351266564306261E-002
  7.351266564306261E-002
  7.351266564306261E-002
  7.351266564306261E-002
  7.351266564306261E-002
  7.351266564306261E-002
  7.351266564306261E-002
  7.351266564306261E-002
  7.351266564306261E-002
  7.351266564306261E-002
  7.351266564306261E-002
  7.351266564306261E-002
  7.351266564306261E-002
  7.351266564306261E-002
  7.351266564306261E-002
  7.351266564306261E-002
  7.351266564306261E-002
  7.351266564306261E-002
  7.351266564306261E-002
  7.351266564306261E-002
  7.351266564306261E-002
  7.351266564306261E-002
  7.351266564306261E-002
  7.351266564306261E-002
  7.351266564306261E-002
  7.351266564306261E-002
  7.351266564306261E-002
  7.351266564306261E-002
  7.351266564306261E-002
  7.351266564306261E-002
  7.351266564306261E-002
  7.351266564306261E-002
  7.351266564306261E-002
  7.351266564306261E-002
  7.351266564306261E-002
  7.351266564306261E-002
  7.351266564306261E-002
  7.351266564306261E-002
  7.351266564306261E-002
  7.351266564306261E-002
  7.351266564306261E-002
  7.351266564306261E-002
  7.351266564306261E-002
  7.351266564306261E-002
  7.351266564306261E-002
  7.351266564306261E-002
  7.351266564306261E-002
  7.351266564306261E-002
  7.351266564306261E-002
  7.351266564306261E-002
  7.351266564306261E-002
  7.351266564306261E-002
  7.351266564306261E-002
  7.351266564306261E-002
  7.351266564306261E-002
  7.351266564306261E-002
  7.351266564306261E-002
  7.351266564306261E-002
  7.351266564306261E-002
  7.351266564306261E-002
  7.351266564306261E-002
  7.351266564306261E-002
  7.351266564306261E-002
  7.351266564306261E-002
  7.351266564306261E-002
  7.351266564306261E-002
  7.351266564306261E-002
  7.351266564306261E-002
  7.351266564306261E-002
  7.351266564306261E-002
  7.351266564306261E-002
  7.351266564306261E-002
  7.351266564306261E-002
  7.351266564306261E-002
  7.351266564306261E-002
  7.351266564306261E-002
  7.351266564306261E-002
  7.351266564306261E-002
  7.351266564306261E-002
  7.351266564306261E-002
  7.351266564306261E-002
  7.351266564306261E-002
  7.351266564306261E-002
  7.351266564306261E-002
  7.351266564306261E-002
  7.351266564306261E-002
  7.351266564306261E-002
  7.351266564306261E-002
  7.351266564306261E-002
  7.351266564306261E-002
  7.351266564306261E-002
  7.351266564306261E-002
  7.351266564306261E-002
  7.351266564306261E-002
  7.351266564306261E-002
  7.351266564306261E-002
  7.351266564306261E-002
  7.351266564306261E-002
  7.351266564306261E-002
  7.351266564306261E-002
  7.351266564306261E-002
  7.351266564306261E-002
  7.351266564306261E-002
  7.351266564306261E-002
  7.351266564306261E-002
  7.351266564306261E-002
  7.351266564306261E-002
  7.351266564306261E-002
  7.351266564306261E-002
  7.351266564306261E-002
  7.351266564306261E-002
  7.351266564306261E-002
  7.351266564306261E-002
  7.351266564306261E-002
  7.351266564306261E-002
  7.351266564306261E-002
  7.351266564306261E-002
  7.351266564306261E-002
  7.351266564306261E-002
  7.351266564306261E-002
  7.351266564306261E-002
  7.351266564306261E-002
  7.351266564306261E-002
  7.351266564306261E-002
  7.351266564306261E-002
  7.351266564306261E-002
  7.351266564306261E-002
  7.351266564306261E-002
  7.351266564306261E-002
  7.351266564306261E-002
  7.351266564306261E-002
  7.351266564306261E-002
  7.351266564306261E-002
  7.351266564306261E-002
  7.351266564306261E-002
  7.351266564306261E-002
  7.351266564306261E-002
  7.351266564306261E-002
  7.351266564306261E-002
  7.351266564306261E-002
  7.351266564306261E-002
  7.351266564306261E-002
  7.351266564306261E-002
  7.351266564306261E-002
  7.351266564306261E-002
  7.351266564306261E-002
  7.351266564306261E-002
  7.351266564306261E-002
  7.351266564306261E-002
  7.351266564306261E-002
  7.351266564306261E-002
  7.351266564306261E-002
  7.351266564306261E-002
  7.351266564306261E-002
  7.351266564306261E-002
  7.351266564306261E-002
  7.351266564306261E-002
  7.351266564306261E-002
  7.351266564306261E-002
  7.351266564306261E-002
  7.351266564306261E-002
  7.351266564306261E-002
  7.351266564306261E-002
  7.351266564306261E-002
  7.351266564306261E-002
  7.351266564306261E-002
  7.351266564306261E-002
  7.351266564306261E-002
  7.351266564306261E-002
  7.351266564306261E-002
  7.351266564306261E-002
  7.351266564306261E-002
  7.351266564306261E-002
  7.351266564306261E-002
  7.351266564306261E-002
  7.351266564306261E-002
  7.351266564306261E-002
  7.351266564306261E-002
  7.351266564306261E-002
  7.351266564306261E-002
  7.351266564306261E-002
  7.351266564306261E-002
  7.351266564306261E-002
  7.351266564306261E-002
  7.351266564306261E-002
  7.351266564306261E-002
  7.351266564306261E-002
  7.351266564306261E-002
  7.351266564306261E-002
  7.351266564306261E-002
  7.351266564306261E-002
  7.351266564306261E-002
  7.351266564306261E-002
  7.351266564306261E-002
  7.351266564306261E-002
  7.351266564306261E-002
  7.351266564306261E-002
  7.351266564306261E-002
  7.351266564306261E-002
  7.351266564306261E-002
  7.351266564306261E-002
  7.351266564306261E-002
  7.351266564306261E-002
  7.351266564306261E-002
  7.351266564306261E-002
  7.351266564306261E-002
  7.351266564306261E-002
  7.351266564306261E-002
  7.351266564306261E-002
  7.351266564306261E-002
  7.351266564306261E-002
  7.351266564306261E-002
  7.351266564306261E-002
  7.351266564306261E-002
  7.351266564306261E-002
  7.351266564306261E-002
  7.351266564306261E-002
  7.351266564306261E-002
  7.351266564306261E-002
  7.351266564306261E-002
  7.351266564306261E-002
  7.351266564306261E-002
  7.351266564306261E-002
  7.351266564306261E-002
  7.351266564306261E-002
  7.351266564306261E-002
  7.351266564306261E-002
  7.351266564306261E-002
  7.351266564306261E-002
  7.351266564306261E-002
  7.351266564306261E-002
  7.351266564306261E-002
  7.351266564306261E-002
  7.351266564306261E-002
  7.351266564306261E-002
  7.351266564306261E-002
  7.351266564306261E-002
  7.351266564306261E-002
  7.351266564306261E-002
  7.351266564306261E-002
  7.351266564306261E-002
  7.351266564306261E-002
  7.351266564306261E-002
  7.351266564306261E-002
  7.351266564306261E-002
  7.351266564306261E-002
  7.351266564306261E-002
  7.351266564306261E-002
  7.351266564306261E-002
  7.351266564306261E-002
  7.351266564306261E-002
  7.351266564306261E-002
  7.351266564306261E-002
  7.351266564306261E-002
  7.351266564306261E-002
  7.351266564306261E-002
  7.351266564306261E-002
  7.351266564306261E-002
  7.351266564306261E-002
  7.351266564306261E-002
  7.351266564306261E-002
  7.351266564306261E-002
  7.351266564306261E-002
  7.351266564306261E-002
  7.351266564306261E-002
  7.351266564306261E-002
  7.351266564306261E-002
  7.351266564306261E-002
  7.351266564306261E-002
  7.351266564306261E-002
  7.351266564306261E-002
  7.351266564306261E-002
  7.351266564306261E-002
  7.351266564306261E-002
  7.351266564306261E-002
  7.351266564306261E-002
  7.351266564306261E-002
  7.351266564306261E-002
  7.351266564306261E-002
  7.351266564306261E-002
  7.351266564306261E-002
  7.351266564306261E-002
  7.351266564306261E-002
  7.351266564306261E-002
  7.351266564306261E-002
  7.351266564306261E-002
  7.351266564306261E-002
  7.351266564306261E-002
  7.351266564306261E-002
  7.351266564306261E-002
  7.351266564306261E-002
  7.351266564306261E-002
  7.351266564306261E-002
  7.351266564306261E-002
  7.351266564306261E-002
  7.351266564306261E-002
  7.351266564306261E-002
  7.351266564306261E-002
  7.351266564306261E-002
  7.351266564306261E-002
  7.351266564306261E-002
  7.351266564306261E-002
  7.351266564306261E-002
  7.351266564306261E-002
  7.351266564306261E-002
  7.351266564306261E-002
  7.351266564306261E-002
  7.351266564306261E-002
  7.351266564306261E-002
  7.351266564306261E-002
  7.351266564306261E-002
  7.351266564306261E-002
  7.351266564306261E-002
  7.351266564306261E-002
  7.351266564306261E-002
  7.351266564306261E-002
  7.351266564306261E-002
  7.351266564306261E-002
  7.351266564306261E-002
  7.351266564306261E-002
  7.351266564306261E-002
  7.351266564306261E-002
  7.351266564306261E-002
  7.351266564306261E-002
  7.351266564306261E-002
  7.351266564306261E-002
  7.351266564306261E-002
  7.351266564306261E-002
  7.351266564306261E-002
  7.351266564306261E-002
  7.351266564306261E-002
  7.351266564306261E-002
  7.351266564306261E-002
  7.351266564306261E-002
  7.351266564306261E-002
  7.351266564306261E-002
  7.351266564306261E-002
  7.351266564306261E-002
  7.351266564306261E-002
  7.351266564306261E-002
  7.351266564306261E-002
  7.351266564306261E-002
  7.351266564306261E-002
  7.351266564306261E-002
  7.351266564306261E-002
  7.351266564306261E-002
  7.351266564306261E-002
  7.351266564306261E-002
  7.351266564306261E-002
  7.351266564306261E-002
  7.351266564306261E-002
  7.351266564306261E-002
  7.351266564306261E-002
  7.351266564306261E-002
  7.351266564306261E-002
  7.351266564306261E-002
  7.351266564306261E-002
  7.351266564306261E-002
  7.351266564306261E-002
  7.351266564306261E-002
  7.351266564306261E-002
  7.351266564306261E-002
  7.351266564306261E-002
  7.351266564306261E-002
  7.351266564306261E-002
  7.351266564306261E-002
  7.351266564306261E-002
  7.351266564306261E-002
  7.351266564306261E-002
  7.351266564306261E-002
  7.351266564306261E-002
  7.351266564306261E-002
  7.351266564306261E-002
  7.351266564306261E-002
  7.351266564306261E-002
  7.351266564306261E-002
  7.351266564306261E-002
  7.351266564306261E-002
  7.351266564306261E-002
  7.351266564306261E-002
  7.351266564306261E-002
  7.351266564306261E-002
  7.351266564306261E-002
  7.351266564306261E-002
  7.351266564306261E-002
  7.351266564306261E-002
  7.351266564306261E-002
  7.351266564306261E-002
  7.351266564306261E-002
  7.351266564306261E-002
  7.351266564306261E-002
  7.351266564306261E-002
  7.351266564306261E-002
  7.351266564306261E-002
  7.351266564306261E-002
  7.351266564306261E-002
  7.351266564306261E-002
  7.351266564306261E-002
  7.351266564306261E-002
  7.351266564306261E-002
  7.351266564306261E-002
  7.351266564306261E-002
  7.351266564306261E-002
  7.351266564306261E-002
  7.351266564306261E-002
  7.351266564306261E-002
  7.351266564306261E-002
  7.351266564306261E-002
  7.351266564306261E-002
  7.351266564306261E-002
  7.351266564306261E-002
  7.351266564306261E-002
  7.351266564306261E-002
  7.351266564306261E-002
  7.351266564306261E-002
  7.351266564306261E-002
  7.351266564306261E-002
  7.351266564306261E-002
  7.351266564306261E-002
  7.351266564306261E-002
  7.351266564306261E-002
  7.351266564306261E-002
  7.351266564306261E-002
  7.351266564306261E-002
  7.351266564306261E-002
  7.351266564306261E-002
  7.351266564306261E-002
  7.351266564306261E-002
  7.351266564306261E-002
  7.351266564306261E-002
  7.351266564306261E-002
  7.351266564306261E-002
  7.351266564306261E-002
  7.351266564306261E-002
  7.351266564306261E-002
  7.351266564306261E-002
  7.351266564306261E-002
  7.351266564306261E-002
  7.351266564306261E-002
  7.351266564306261E-002
  7.351266564306261E-002
  7.351266564306261E-002
  7.351266564306261E-002
  7.351266564306261E-002
  7.351266564306261E-002
  7.351266564306261E-002
  7.351266564306261E-002
  7.351266564306261E-002
  7.351266564306261E-002
  7.351266564306261E-002
  7.351266564306261E-002
  7.351266564306261E-002
  7.351266564306261E-002
  7.351266564306261E-002
  7.351266564306261E-002
  7.351266564306261E-002
  7.351266564306261E-002
  7.351266564306261E-002
  7.351266564306261E-002
  7.351266564306261E-002
  7.351266564306261E-002
  7.351266564306261E-002
  7.351266564306261E-002
  7.351266564306261E-002
  7.351266564306261E-002
  7.351266564306261E-002
  7.351266564306261E-002
  7.351266564306261E-002
  7.351266564306261E-002
  7.351266564306261E-002
  7.351266564306261E-002
  7.351266564306261E-002
  7.351266564306261E-002
  7.351266564306261E-002
  7.351266564306261E-002
  7.351266564306261E-002
  7.351266564306261E-002
  7.351266564306261E-002
  7.351266564306261E-002
  7.351266564306261E-002
  7.351266564306261E-002
  7.351266564306261E-002
  7.351266564306261E-002
  7.351266564306261E-002
  7.351266564306261E-002
  7.351266564306261E-002
  7.351266564306261E-002
  7.351266564306261E-002
  7.351266564306261E-002
  7.351266564306261E-002
  7.351266564306261E-002
  7.351266564306261E-002
  7.351266564306261E-002
  7.351266564306261E-002
  7.351266564306261E-002
  7.351266564306261E-002
  7.351266564306261E-002
  7.351266564306261E-002
  7.351266564306261E-002
  7.351266564306261E-002
  7.351266564306261E-002
  7.351266564306261E-002
  7.351266564306261E-002
  7.351266564306261E-002
  7.351266564306261E-002
  7.351266564306261E-002
  7.351266564306261E-002
  7.351266564306261E-002
  7.351266564306261E-002
  7.351266564306261E-002
  7.351266564306261E-002
  7.351266564306261E-002
  7.351266564306261E-002
  7.351266564306261E-002
  7.351266564306261E-002
  7.351266564306261E-002
  7.351266564306261E-002
  7.351266564306261E-002
  7.351266564306261E-002
  7.351266564306261E-002
  7.351266564306261E-002
  7.351266564306261E-002
  7.351266564306261E-002
  7.351266564306261E-002
  7.351266564306261E-002
  7.351266564306261E-002
  7.351266564306261E-002
  7.351266564306261E-002
  7.351266564306261E-002
  7.351266564306261E-002
  7.351266564306261E-002
  7.351266564306261E-002
  7.351266564306261E-002
  7.351266564306261E-002
  7.351266564306261E-002
  7.351266564306261E-002
  7.351266564306261E-002
  7.351266564306261E-002
  7.351266564306261E-002
  7.351266564306261E-002
  7.351266564306261E-002
  7.351266564306261E-002
  7.351266564306261E-002
  7.351266564306261E-002
  7.351266564306261E-002
  7.351266564306261E-002
  7.351266564306261E-002
  7.351266564306261E-002
  7.351266564306261E-002
  7.351266564306261E-002
  7.351266564306261E-002
  7.351266564306261E-002
  7.351266564306261E-002
  7.351266564306261E-002
  7.351266564306261E-002
  7.351266564306261E-002
  7.351266564306261E-002
  7.351266564306261E-002
  7.351266564306261E-002
  7.351266564306261E-002
  7.351266564306261E-002
  7.351266564306261E-002
  7.351266564306261E-002
  7.351266564306261E-002
  7.351266564306261E-002
  7.351266564306261E-002
  7.351266564306261E-002
  7.351266564306261E-002
  7.351266564306261E-002
  7.351266564306261E-002
  7.351266564306261E-002
  7.351266564306261E-002
  7.351266564306261E-002
  7.351266564306261E-002
  7.351266564306261E-002
  7.351266564306261E-002
  7.351266564306261E-002
  7.351266564306261E-002
  7.351266564306261E-002
  7.351266564306261E-002
  7.351266564306261E-002
  7.351266564306261E-002
  7.351266564306261E-002
  7.351266564306261E-002
  7.351266564306261E-002
  7.351266564306261E-002
  7.351266564306261E-002
  7.351266564306261E-002
  7.351266564306261E-002
  7.351266564306261E-002
  7.351266564306261E-002
  7.351266564306261E-002
  7.351266564306261E-002
  7.351266564306261E-002
  7.351266564306261E-002
  7.351266564306261E-002
  7.351266564306261E-002
  7.351266564306261E-002
  7.351266564306261E-002
  7.351266564306261E-002
  7.351266564306261E-002
  7.351266564306261E-002
  7.351266564306261E-002
  7.351266564306261E-002
  7.351266564306261E-002
  7.351266564306261E-002
  7.351266564306261E-002
  7.351266564306261E-002
  7.351266564306261E-002
  7.351266564306261E-002
  7.351266564306261E-002
  7.351266564306261E-002
  7.351266564306261E-002
  7.351266564306261E-002
  7.351266564306261E-002
  7.351266564306261E-002
  7.351266564306261E-002
  7.351266564306261E-002
  7.351266564306261E-002
  7.351266564306261E-002
  7.351266564306261E-002
  7.351266564306261E-002
  7.351266564306261E-002
  7.351266564306261E-002
  7.351266564306261E-002
  7.351266564306261E-002
  7.351266564306261E-002
  7.351266564306261E-002
  7.351266564306261E-002
  7.351266564306261E-002
  7.351266564306261E-002
  7.351266564306261E-002
  7.351266564306261E-002
  7.351266564306261E-002
  7.351266564306261E-002
  7.351266564306261E-002
  7.351266564306261E-002
  7.351266564306261E-002
  7.351266564306261E-002
  7.351266564306261E-002
  7.351266564306261E-002
  7.351266564306261E-002
  7.351266564306261E-002
  7.351266564306261E-002
  7.351266564306261E-002
  7.351266564306261E-002
  7.351266564306261E-002
  7.351266564306261E-002
  7.351266564306261E-002
  7.351266564306261E-002
  7.351266564306261E-002
  7.351266564306261E-002
  7.351266564306261E-002
  7.351266564306261E-002
  7.351266564306261E-002
  7.351266564306261E-002
  7.351266564306261E-002
  7.351266564306261E-002
  7.351266564306261E-002
  7.351266564306261E-002
  7.351266564306261E-002
  7.351266564306261E-002
  7.351266564306261E-002
  7.351266564306261E-002
  7.351266564306261E-002
  7.351266564306261E-002
  7.351266564306261E-002
  7.351266564306261E-002
  7.351266564306261E-002
  7.351266564306261E-002
  7.351266564306261E-002
  7.351266564306261E-002
  7.351266564306261E-002
  7.351266564306261E-002
  7.351266564306261E-002
  7.351266564306261E-002
  7.351266564306261E-002
  7.351266564306261E-002
  7.351266564306261E-002
  7.351266564306261E-002
  7.351266564306261E-002
  7.351266564306261E-002
  7.351266564306261E-002
  7.351266564306261E-002
  7.351266564306261E-002
  7.351266564306261E-002
  7.351266564306261E-002
  7.351266564306261E-002
  7.351266564306261E-002
  7.351266564306261E-002
  7.351266564306261E-002
  7.351266564306261E-002
  7.351266564306261E-002
  7.351266564306261E-002
  7.351266564306261E-002
  7.351266564306261E-002
  7.351266564306261E-002
  7.351266564306261E-002
  7.351266564306261E-002
  7.351266564306261E-002
  7.351266564306261E-002
  7.351266564306261E-002
  7.351266564306261E-002
  7.351266564306261E-002
  7.351266564306261E-002
  7.351266564306261E-002
  7.351266564306261E-002
  7.351266564306261E-002
  7.351266564306261E-002
  7.351266564306261E-002
  7.351266564306261E-002
  7.351266564306261E-002
  7.351266564306261E-002
  7.351266564306261E-002
  7.351266564306261E-002
  7.351266564306261E-002
  7.351266564306261E-002
  7.351266564306261E-002
  7.351266564306261E-002
  7.351266564306261E-002
  7.351266564306261E-002
  7.351266564306261E-002
  7.351266564306261E-002
  7.351266564306261E-002
  7.351266564306261E-002
  7.351266564306261E-002
  7.351266564306261E-002
  7.351266564306261E-002
  7.351266564306261E-002
  7.351266564306261E-002
  7.351266564306261E-002
  7.351266564306261E-002
  7.351266564306261E-002
  7.351266564306261E-002
  7.351266564306261E-002
  7.351266564306261E-002
  7.351266564306261E-002
  7.351266564306261E-002
  7.351266564306261E-002
  7.351266564306261E-002
  7.351266564306261E-002
  7.351266564306261E-002
  7.351266564306261E-002
  7.351266564306261E-002
  7.351266564306261E-002
  7.351266564306261E-002
  7.351266564306261E-002
  7.351266564306261E-002
  7.351266564306261E-002
  7.351266564306261E-002
  7.351266564306261E-002
  7.351266564306261E-002
  7.351266564306261E-002
  7.351266564306261E-002
  7.351266564306261E-002
  7.351266564306261E-002
  7.351266564306261E-002
  7.351266564306261E-002
  7.351266564306261E-002
  7.351266564306261E-002
  7.351266564306261E-002
  7.351266564306261E-002
  7.351266564306261E-002
  7.351266564306261E-002
  7.351266564306261E-002
  7.351266564306261E-002
  7.351266564306261E-002
  7.351266564306261E-002
  7.351266564306261E-002
  7.351266564306261E-002
  7.351266564306261E-002
  7.351266564306261E-002
  7.351266564306261E-002
  7.351266564306261E-002
  7.351266564306261E-002
  7.351266564306261E-002
  7.351266564306261E-002
  7.351266564306261E-002
  7.351266564306261E-002
  7.351266564306261E-002
  7.351266564306261E-002
  7.351266564306261E-002
  7.351266564306261E-002
  7.351266564306261E-002
  7.351266564306261E-002
  7.351266564306261E-002
  7.351266564306261E-002
  7.351266564306261E-002
  7.351266564306261E-002
  7.351266564306261E-002
  7.351266564306261E-002
  7.351266564306261E-002
  7.351266564306261E-002
  7.351266564306261E-002
  7.351266564306261E-002
  7.351266564306261E-002
  7.351266564306261E-002
  7.351266564306261E-002
  7.351266564306261E-002
  7.351266564306261E-002
  7.351266564306261E-002
  7.351266564306261E-002
  7.351266564306261E-002
  7.351266564306261E-002
  7.351266564306261E-002
  7.351266564306261E-002
  7.351266564306261E-002
  7.351266564306261E-002
  7.351266564306261E-002
  7.351266564306261E-002
  7.351266564306261E-002
  7.351266564306261E-002
  7.351266564306261E-002
  7.351266564306261E-002
  7.351266564306261E-002
  7.351266564306261E-002
  7.351266564306261E-002
  7.351266564306261E-002
  7.351266564306261E-002
  7.351266564306261E-002
  7.351266564306261E-002
  7.351266564306261E-002
  7.351266564306261E-002
  7.351266564306261E-002
  7.351266564306261E-002
  7.351266564306261E-002
  7.351266564306261E-002
  7.351266564306261E-002
  7.351266564306261E-002
  7.351266564306261E-002
  7.351266564306261E-002
  7.351266564306261E-002
  7.351266564306261E-002
  7.351266564306261E-002
  7.351266564306261E-002
  7.351266564306261E-002
  7.351266564306261E-002
  7.351266564306261E-002
  7.351266564306261E-002
  7.351266564306261E-002
  7.351266564306261E-002
  7.351266564306261E-002
  7.351266564306261E-002
  7.351266564306261E-002
  7.351266564306261E-002
  7.351266564306261E-002
  7.351266564306261E-002
  7.351266564306261E-002
  7.351266564306261E-002
  7.351266564306261E-002
  7.351266564306261E-002
  7.351266564306261E-002
  7.351266564306261E-002
  7.351266564306261E-002
  7.351266564306261E-002
  7.351266564306261E-002
  7.351266564306261E-002
  7.351266564306261E-002
  7.351266564306261E-002
  7.351266564306261E-002
  7.351266564306261E-002
  7.351266564306261E-002
  7.351266564306261E-002
  7.351266564306261E-002
  7.351266564306261E-002
  7.351266564306261E-002
  7.351266564306261E-002
  7.351266564306261E-002
  7.351266564306261E-002
  7.351266564306261E-002
  7.351266564306261E-002
  7.351266564306261E-002
  7.351266564306261E-002
  7.351266564306261E-002
  7.351266564306261E-002
  7.351266564306261E-002
  7.351266564306261E-002
  7.351266564306261E-002
  7.351266564306261E-002
  7.351266564306261E-002
  7.351266564306261E-002
  7.351266564306261E-002
  7.351266564306261E-002
  7.351266564306261E-002
  7.351266564306261E-002
  7.351266564306261E-002
  7.351266564306261E-002
  7.351266564306261E-002
  7.351266564306261E-002
  7.351266564306261E-002
  7.351266564306261E-002
  7.351266564306261E-002
  7.351266564306261E-002
  7.351266564306261E-002
  7.351266564306261E-002
  7.351266564306261E-002
  7.351266564306261E-002
  7.351266564306261E-002
  7.351266564306261E-002
  7.351266564306261E-002
  7.351266564306261E-002
  7.351266564306261E-002
  7.351266564306261E-002
  7.351266564306261E-002
  7.351266564306261E-002
  7.351266564306261E-002
  7.351266564306261E-002
  7.351266564306261E-002
  7.351266564306261E-002
  7.351266564306261E-002
  7.351266564306261E-002
  7.351266564306261E-002
  7.351266564306261E-002
  7.351266564306261E-002
  7.351266564306261E-002
  7.351266564306261E-002
  7.351266564306261E-002
  7.351266564306261E-002
  7.351266564306261E-002
  7.351266564306261E-002
  7.351266564306261E-002
  7.351266564306261E-002
  7.351266564306261E-002
  7.351266564306261E-002
  7.351266564306261E-002
  7.351266564306261E-002
  7.351266564306261E-002
  7.351266564306261E-002
  7.351266564306261E-002
  7.351266564306261E-002
  7.351266564306261E-002
  7.351266564306261E-002
  7.351266564306261E-002
  7.351266564306261E-002
  7.351266564306261E-002
  7.351266564306261E-002
  7.351266564306261E-002
  7.351266564306261E-002
  7.351266564306261E-002
  7.351266564306261E-002
  7.351266564306261E-002
  7.351266564306261E-002
  7.351266564306261E-002
  7.351266564306261E-002
  7.351266564306261E-002
  7.351266564306261E-002
  7.351266564306261E-002
  7.351266564306261E-002
  7.351266564306261E-002
  7.351266564306261E-002
  7.351266564306261E-002
  7.351266564306261E-002
  7.351266564306261E-002
  7.351266564306261E-002
  7.351266564306261E-002
  7.351266564306261E-002
  7.351266564306261E-002
  7.351266564306261E-002
  7.351266564306261E-002
  7.351266564306261E-002
  7.351266564306261E-002
  7.351266564306261E-002
  7.351266564306261E-002
  7.351266564306261E-002
  7.351266564306261E-002
  7.351266564306261E-002
  7.351266564306261E-002
  7.351266564306261E-002
  7.351266564306261E-002
  7.351266564306261E-002
  7.351266564306261E-002
  7.351266564306261E-002
  7.351266564306261E-002
  7.351266564306261E-002
  7.351266564306261E-002
  7.351266564306261E-002
  7.351266564306261E-002
  7.351266564306261E-002
  7.351266564306261E-002
  7.351266564306261E-002
  7.351266564306261E-002
  7.351266564306261E-002
  7.351266564306261E-002
  7.351266564306261E-002
  7.351266564306261E-002
  7.351266564306261E-002
  7.351266564306261E-002
  7.351266564306261E-002
  7.351266564306261E-002
  7.351266564306261E-002
  7.351266564306261E-002
  7.351266564306261E-002
  7.351266564306261E-002
  7.351266564306261E-002
  7.351266564306261E-002
  7.351266564306261E-002
  7.351266564306261E-002
  7.351266564306261E-002
  7.351266564306261E-002
  7.351266564306261E-002
  7.351266564306261E-002
  7.351266564306261E-002
  7.351266564306261E-002
  7.351266564306261E-002
  7.351266564306261E-002
  7.351266564306261E-002
  7.351266564306261E-002
  7.351266564306261E-002
  7.351266564306261E-002
  7.351266564306261E-002
  7.351266564306261E-002
  7.351266564306261E-002
  7.351266564306261E-002
  7.351266564306261E-002
  7.351266564306261E-002
  7.351266564306261E-002
  7.351266564306261E-002
  7.351266564306261E-002
  7.351266564306261E-002
  7.351266564306261E-002
  7.351266564306261E-002
  7.351266564306261E-002
  7.351266564306261E-002
  7.351266564306261E-002
  7.351266564306261E-002
  7.351266564306261E-002
  7.351266564306261E-002
  7.351266564306261E-002
  7.351266564306261E-002
  7.351266564306261E-002
  7.351266564306261E-002
  7.351266564306261E-002
  7.351266564306261E-002
  7.351266564306261E-002
  7.351266564306261E-002
  7.351266564306261E-002
  7.351266564306261E-002
  7.351266564306261E-002
  7.351266564306261E-002
  7.351266564306261E-002
  7.351266564306261E-002
  7.351266564306261E-002
  7.351266564306261E-002
  7.351266564306261E-002
  7.351266564306261E-002
  7.351266564306261E-002
  7.351266564306261E-002
  7.351266564306261E-002
  7.351266564306261E-002
  7.351266564306261E-002
  7.351266564306261E-002
  7.351266564306261E-002
  7.351266564306261E-002
  7.351266564306261E-002
  7.351266564306261E-002
  7.351266564306261E-002
  7.351266564306261E-002
  7.351266564306261E-002
  7.351266564306261E-002
  7.351266564306261E-002
  7.351266564306261E-002
  7.351266564306261E-002
  7.351266564306261E-002
  7.351266564306261E-002
  7.351266564306261E-002
  7.351266564306261E-002
  7.351266564306261E-002
  7.351266564306261E-002
  7.351266564306261E-002
  7.351266564306261E-002
  7.351266564306261E-002
  7.351266564306261E-002
  7.351266564306261E-002
  7.351266564306261E-002
  7.351266564306261E-002
  7.351266564306261E-002
  7.351266564306261E-002
  7.351266564306261E-002
  7.351266564306261E-002
  7.351266564306261E-002
  7.351266564306261E-002
  7.351266564306261E-002
  7.351266564306261E-002
  7.351266564306261E-002
  7.351266564306261E-002
  7.351266564306261E-002
  7.351266564306261E-002
  7.351266564306261E-002
  7.351266564306261E-002
  7.351266564306261E-002
  7.351266564306261E-002
  7.351266564306261E-002
  7.351266564306261E-002
  7.351266564306261E-002
  7.351266564306261E-002
  7.351266564306261E-002
  7.351266564306261E-002
  7.351266564306261E-002
  7.351266564306261E-002
  7.351266564306261E-002
  7.351266564306261E-002
  7.351266564306261E-002
  7.351266564306261E-002
  7.351266564306261E-002
  7.351266564306261E-002
  7.351266564306261E-002
  7.351266564306261E-002
  7.351266564306261E-002
  7.351266564306261E-002
