  0.000000000000000E+000
  0.000000000000000E+000
  1.995008322916667E-007
  5.975074823228735E-007
  1.193029898197276E-006
  1.985082965922963E-006
  2.972686484784555E-006
  4.154865142838138E-006
  5.530648492528409E-006
  7.099070926427441E-006
  8.859171653094446E-006
  1.080999467305594E-005
  1.295058875490569E-005
  1.528000741152392E-005
  1.779730887641504E-005
  2.050155608016346E-005
  2.339181662700679E-005
  2.646716277152591E-005
  2.972667139545129E-005
  3.316942398458495E-005
  3.679450660583762E-005
  4.060100988438031E-005
  4.458802898090991E-005
  4.875466356902816E-005
  5.310001781273347E-005
  5.762320034402491E-005
  6.232332424061800E-005
  6.719950700377168E-005
  7.225087053622563E-005
  7.747654112024795E-005
  8.287564939579206E-005
  8.844733033876273E-005
  9.419072323939042E-005
  1.001049716807134E-004
  1.061892235171676E-004
  1.124426308532822E-004
  1.188643500224832E-004
  1.254535415660008E-004
  1.322093702118837E-004
  1.391310048541163E-004
  1.462176185318420E-004
  1.534683884086885E-004
  1.608824957521969E-004
  1.684591259133538E-004
  1.761974683062245E-004
  1.840967163876884E-004
  1.921560676372757E-004
  2.003747235371042E-004
  2.087518895519159E-004
  2.172867751092142E-004
  2.259785935794994E-004
  2.348265622566025E-004
  2.438299023381179E-004
  2.529878389059333E-004
  2.622996009068565E-004
  2.717644211333393E-004
  2.813815362042969E-004
  2.911501865460236E-004
  3.010696163732035E-004
  3.111390736700154E-004
  3.213578101713332E-004
  3.317250813440179E-004
  3.422401463683058E-004
  3.529022681192866E-004
  3.637107131484763E-004
  3.746647516654801E-004
  3.857636575197481E-004
  3.970067081824214E-004
  4.083931847282689E-004
  4.199223718177139E-004
  4.315935576789508E-004
  4.434060340901507E-004
  4.553590963617557E-004
  4.674520433188619E-004
  4.796841772836898E-004
  4.920548040581421E-004
  5.045632329064493E-004
  5.172087765379007E-004
  5.299907510896624E-004
  5.429084761096806E-004
  5.559612745396702E-004
  5.691484726981885E-004
  5.824694002637931E-004
  5.959233902582834E-004
  6.095097790300267E-004
  6.232279062373667E-004
  6.370771148321146E-004
  6.510567510431235E-004
  6.651661643599432E-004
  6.794047075165582E-004
  6.937717364752058E-004
  7.082666104102749E-004
  7.228886916922854E-004
  7.376373458719476E-004
  7.525119416643008E-004
  7.675118509329312E-004
  7.826364486742686E-004
  7.978851130019608E-004
  8.132572251313269E-004
  8.287521693638876E-004
  8.443693330719721E-004
  8.601081066834034E-004
  8.759678836662580E-004
  8.919480605137034E-004
  9.080480367289095E-004
  9.242672148100370E-004
  9.406050002352996E-004
  9.570608014481001E-004
  9.736340298422428E-004
  9.903240997472175E-004
  1.007130428413558E-003
  1.024052435998272E-003
  1.041089545550348E-003
  1.058241182996328E-003
  1.075506777125959E-003
  1.092885759577910E-003
  1.110377564825565E-003
  1.127981630162881E-003
  1.145697395690326E-003
  1.163524304300877E-003
  1.181461801666095E-003
  1.199509336222265E-003
  1.217666359156608E-003
  1.235932324393559E-003
  1.254306688581117E-003
  1.272788911077260E-003
  1.291378453936430E-003
  1.310074781896084E-003
  1.328877362363311E-003
  1.347785665401518E-003
  1.366799163717184E-003
  1.385917332646672E-003
  1.405139650143119E-003
  1.424465596763380E-003
  1.443894655655043E-003
  1.463426312543509E-003
  1.483060055719136E-003
  1.502795376024440E-003
  1.522631766841375E-003
  1.542568724078660E-003
  1.562605746159182E-003
  1.582742334007453E-003
  1.602977991037134E-003
  1.623312223138623E-003
  1.643744538666696E-003
  1.664274448428224E-003
  1.684901465669936E-003
  1.705625106066254E-003
  1.726444887707185E-003
  1.747360331086270E-003
  1.768370959088599E-003
  1.789476296978885E-003
  1.810675872389589E-003
  1.831969215309118E-003
  1.853355858070071E-003
  1.874835335337547E-003
  1.896407184097514E-003
  1.918070943645230E-003
  1.939826155573730E-003
  1.961672363762360E-003
  1.983609114365382E-003
  2.005635955800617E-003
  2.027752438738168E-003
  2.049958116089175E-003
  2.072252542994645E-003
  2.094635276814330E-003
  2.117105877115656E-003
  2.139663905662719E-003
  2.162308926405324E-003
  2.185040505468085E-003
  2.207858211139579E-003
  2.230761613861554E-003
  2.253750286218188E-003
  2.276823802925401E-003
  2.299981740820232E-003
  2.323223678850250E-003
  2.346549198063034E-003
  2.369957881595695E-003
  2.393449314664456E-003
  2.417023084554286E-003
  2.440678780608576E-003
  2.464415994218875E-003
  2.488234318814678E-003
  2.512133349853255E-003
  2.536112684809546E-003
  2.560171923166089E-003
  2.584310666403012E-003
  2.608528517988071E-003
  2.632825083366733E-003
  2.657199969952316E-003
  2.681652787116169E-003
  2.706183146177912E-003
  2.730790660395716E-003
  2.755474944956635E-003
  2.780235616966985E-003
  2.805072295442772E-003
  2.829984601300168E-003
  2.854972157346035E-003
  2.880034588268492E-003
  2.905171520627533E-003
  2.930382582845694E-003
  2.955667405198759E-003
  2.981025619806522E-003
  3.006456860623583E-003
  3.031960763430207E-003
  3.057536965823207E-003
  3.083185107206892E-003
  3.108904828784049E-003
  3.134695773546974E-003
  3.160557586268545E-003
  3.186489913493346E-003
  3.212492403528823E-003
  3.238564706436498E-003
  3.264706474023219E-003
  3.290917359832453E-003
  3.317197019135628E-003
  3.343545108923512E-003
  3.369961287897638E-003
  3.396445216461773E-003
  3.422996556713426E-003
  3.449614972435405E-003
  3.476300129087406E-003
  3.503051693797650E-003
  3.529869335354566E-003
  3.556752724198506E-003
  3.583701532413508E-003
  3.610715433719097E-003
  3.637794103462131E-003
  3.664937218608679E-003
  3.692144457735950E-003
  3.719415501024257E-003
  3.746750030249019E-003
  3.774147728772807E-003
  3.801608281537426E-003
  3.829131375056045E-003
  3.856716697405349E-003
  3.884363938217752E-003
  3.912072788673632E-003
  3.939842941493608E-003
  3.967674090930864E-003
  3.995565932763502E-003
  4.023518164286938E-003
  4.051530484306333E-003
  4.079602593129062E-003
  4.107734192557225E-003
  4.135924985880188E-003
  4.164174677867172E-003
  4.192482974759862E-003
  4.220849584265073E-003
  4.249274215547436E-003
  4.277756579222130E-003
  4.306296387347647E-003
  4.334893353418594E-003
  4.363547192358528E-003
  4.392257620512832E-003
  4.421024355641622E-003
  4.449847116912692E-003
  4.478725624894490E-003
  4.507659601549137E-003
  4.536648770225472E-003
  4.565692855652140E-003
  4.594791583930706E-003
  4.623944682528807E-003
  4.653151880273346E-003
  4.682412907343703E-003
  4.711727495264995E-003
  4.741095376901364E-003
  4.770516286449298E-003
  4.799989959430984E-003
  4.829516132687697E-003
  4.859094544373225E-003
  4.888724933947316E-003
  4.918407042169170E-003
  4.948140611090954E-003
  4.977925384051358E-003
  5.007761105669173E-003
  5.037647521836910E-003
  5.067584379714446E-003
  5.097571427722706E-003
  5.127608415537366E-003
  5.157695094082604E-003
  5.187831215524867E-003
  5.218016533266679E-003
  5.248250801940470E-003
  5.278533777402448E-003
  5.308865216726495E-003
  5.339244878198089E-003
  5.369672521308267E-003
  5.400147906747609E-003
  5.430670796400252E-003
  5.461240953337947E-003
  5.491858141814124E-003
  5.522522127258007E-003
  5.553232676268746E-003
  5.583989556609582E-003
  5.614792537202043E-003
  5.645641388120163E-003
  5.676535880584740E-003
  5.707475786957611E-003
  5.738460880735963E-003
  5.769490936546671E-003
  5.800565730140665E-003
  5.831685038387316E-003
  5.862848639268871E-003
  5.894056311874891E-003
  5.925307836396733E-003
  5.956602994122055E-003
  5.987941567429345E-003
  6.019323339782486E-003
  6.050748095725338E-003
  6.082215620876352E-003
  6.113725701923214E-003
  6.145278126617506E-003
  6.176872683769406E-003
  6.208509163242407E-003
  6.240187355948057E-003
  6.271907053840743E-003
  6.303668049912479E-003
  6.335470138187739E-003
  6.367313113718303E-003
  6.399196772578135E-003
  6.431120911858281E-003
  6.463085329661804E-003
  6.495089825098731E-003
  6.527134198281031E-003
  6.559218250317619E-003
  6.591341783309385E-003
  6.623504600344242E-003
  6.655706505492208E-003
  6.687947303800505E-003
  6.720226801288688E-003
  6.752544804943792E-003
  6.784901122715508E-003
  6.817295563511381E-003
  6.849727937192036E-003
  6.882198054566420E-003
  6.914705727387076E-003
  6.947250768345434E-003
  6.979832991067129E-003
  7.012452210107345E-003
  7.045108240946171E-003
  7.077800899983997E-003
  7.110530004536918E-003
  7.143295372832168E-003
  7.176096824003579E-003
  7.208934178087055E-003
  7.241807256016074E-003
  7.274715879617215E-003
  7.307659871605698E-003
  7.340639055580953E-003
  7.373653256022217E-003
  7.406702298284136E-003
  7.439786008592405E-003
  7.472904214039420E-003
  7.506056742579959E-003
  7.539243423026879E-003
  7.572464085046838E-003
  7.605718559156031E-003
  7.639006676715961E-003
  7.672328269929217E-003
  7.705683171835281E-003
  7.739071216306355E-003
  7.772492238043206E-003
  7.805946072571036E-003
  7.839432556235367E-003
  7.872951526197949E-003
  7.906502820432697E-003
  7.940086277721629E-003
  7.973701737650843E-003
  8.007349040606505E-003
  8.041028027770857E-003
  8.074738541118252E-003
  8.108480423411195E-003
  8.142253518196415E-003
  8.176057669800958E-003
  8.209892723328293E-003
  8.243758524654437E-003
  8.277654920424102E-003
  8.311581758046865E-003
  8.345538885693350E-003
  8.379526152291433E-003
  8.413543407522468E-003
  8.447590501817523E-003
  8.481667286353646E-003
  8.515773613050141E-003
  8.549909334564868E-003
  8.584074304290560E-003
  8.618268376351157E-003
  8.652491405598157E-003
  8.686743247606992E-003
  8.721023758673412E-003
  8.755332795809893E-003
  8.789670216742070E-003
  8.824035879905170E-003
  8.858429644440479E-003
  8.892851370191820E-003
  8.927300917702044E-003
  8.961778148209551E-003
  8.996282923644816E-003
  9.030815106626939E-003
  9.065374560460209E-003
  9.099961149130687E-003
  9.134574737302810E-003
  9.169215190316002E-003
  9.203882374181308E-003
  9.238576155578045E-003
  9.273296401850477E-003
  9.308042981004482E-003
  9.342815761704265E-003
  9.377614613269072E-003
  9.412439405669923E-003
  9.447290009526354E-003
  9.482166296103199E-003
  9.517068137307351E-003
  9.551995405684577E-003
  9.586947974416320E-003
  9.621925717316539E-003
  9.656928508828542E-003
  9.691956224021856E-003
  9.727008738589104E-003
  9.762085928842890E-003
  9.797187671712717E-003
  9.832313844741900E-003
  9.867464326084513E-003
  9.902638994502333E-003
  9.937837729361821E-003
  9.973060410631099E-003
  1.000830691887695E-002
  1.004357713526183E-002
  1.007887094154091E-002
  1.011418822005909E-002
  1.014952885374810E-002
  1.018489272612353E-002
  1.022027972128196E-002
  1.025568972389801E-002
  1.029112261922153E-002
  1.032657829307465E-002
  1.036205663184898E-002
  1.039755752250275E-002
  1.043308085255801E-002
  1.046862651009776E-002
  1.050419438376322E-002
  1.053978436275099E-002
  1.057539633681032E-002
  1.061103019624033E-002
  1.064668583188728E-002
  1.068236313514183E-002
  1.071806199793635E-002
  1.075378231274218E-002
  1.078952397256696E-002
  1.082528687095197E-002
  1.086107090196944E-002
  1.089687596021994E-002
  1.093270194082970E-002
  1.096854873944802E-002
  1.100441625224465E-002
  1.104030437590719E-002
  1.107621300763852E-002
  1.111214204515422E-002
  1.114809138668001E-002
  1.118406093094923E-002
  1.122005057720027E-002
  1.125606022517408E-002
  1.129208977511165E-002
  1.132813912775152E-002
  1.136420818432729E-002
  1.140029684656519E-002
  1.143640501668156E-002
  1.147253259738045E-002
  1.150867949185119E-002
  1.154484560376592E-002
  1.158103083727725E-002
  1.161723509701582E-002
  1.165345828808792E-002
  1.168970031607314E-002
  1.172596108702197E-002
  1.176224050745349E-002
  1.179853848435303E-002
  1.183485492516982E-002
  1.187118973781467E-002
  1.190754283065772E-002
  1.194391411252610E-002
  1.198030349270166E-002
  1.201671088091873E-002
  1.205313618736181E-002
  1.208957932266339E-002
  1.212604019790166E-002
  1.216251872459832E-002
  1.219901481471636E-002
  1.223552838065783E-002
  1.227205933526172E-002
  1.230860759180170E-002
  1.234517306398401E-002
  1.238175566594527E-002
  1.241835531225036E-002
  1.245497191789025E-002
  1.249160539827992E-002
  1.252825566925618E-002
  1.256492264707566E-002
  1.260160624841261E-002
  1.263830639035689E-002
  1.267502299041190E-002
  1.271175596649244E-002
  1.274850523692276E-002
  1.278527072043445E-002
  1.282205233616443E-002
  1.285885000365292E-002
  1.289566364284144E-002
  1.293249317407081E-002
  1.296933851807914E-002
  1.300619959599987E-002
  1.304307632935978E-002
  1.307996864007705E-002
  1.311687645045927E-002
  1.315379968320156E-002
  1.319073826138456E-002
  1.322769210847258E-002
  1.326466114831162E-002
  1.330164530512753E-002
  1.333864450352408E-002
  1.337565866848106E-002
  1.341268772535245E-002
  1.344973159986450E-002
  1.348679021811394E-002
  1.352386350656606E-002
  1.356095139205292E-002
  1.359805380177151E-002
  1.363517066328192E-002
  1.367230190450554E-002
  1.370944745372324E-002
  1.374660723957362E-002
  1.378378119105116E-002
  1.382096923750451E-002
  1.385817130863469E-002
  1.389538733449332E-002
  1.393261724548091E-002
  1.396986097234508E-002
  1.400711844617887E-002
  1.404438959841898E-002
  1.408167436084407E-002
  1.411897266557306E-002
  1.415628444506344E-002
  1.419360963210953E-002
  1.423094815984089E-002
  1.426829996172057E-002
  1.430566497154348E-002
  1.434304312343472E-002
  1.438043435184796E-002
  1.441783859156377E-002
  1.445525577768800E-002
  1.449268584565019E-002
  1.453012873120188E-002
  1.456758437041509E-002
  1.460505269968067E-002
  1.464253365570672E-002
  1.468002717551699E-002
  1.471753319644937E-002
  1.475505165615424E-002
  1.479258249259296E-002
  1.483012564403633E-002
  1.486768104906299E-002
  1.490524864655794E-002
  1.494282837571100E-002
  1.498042017601527E-002
  1.501802398726563E-002
  1.505563974955724E-002
  1.509326740328402E-002
  1.513090688913721E-002
  1.516855814810382E-002
  1.520622112146521E-002
  1.524389575079558E-002
  1.528158197796055E-002
  1.531927974511568E-002
  1.535698899470503E-002
  1.539470966945971E-002
  1.543244171239649E-002
  1.547018506681630E-002
  1.550793967630290E-002
  1.554570548472141E-002
  1.558348243621692E-002
  1.562127047521310E-002
  1.565906954641081E-002
  1.569687959478672E-002
  1.573470056559192E-002
  1.577253240435057E-002
  1.581037505685852E-002
  1.584822846918197E-002
  1.588609258765613E-002
  1.592396735888384E-002
  1.596185272973428E-002
  1.599974864734159E-002
  1.603765505910363E-002
  1.607557191268055E-002
  1.611349915599361E-002
  1.615143673722377E-002
  1.618938460481047E-002
  1.622734270745027E-002
  1.626531099409564E-002
  1.630328941395364E-002
  1.634127791648467E-002
  1.637927645140118E-002
  1.641728496866643E-002
  1.645530341849327E-002
  1.649333175134281E-002
  1.653136991792330E-002
  1.656941786918879E-002
  1.660747555633795E-002
  1.664554293081288E-002
  1.668361994429783E-002
  1.672170654871803E-002
  1.675980269623850E-002
  1.679790833926282E-002
  1.683602343043198E-002
  1.687414792262315E-002
  1.691228176894854E-002
  1.695042492275422E-002
  1.698857733761892E-002
  1.702673896735293E-002
  1.706490976599689E-002
  1.710308968782067E-002
  1.714127868732223E-002
  1.717947671922646E-002
  1.721768373848406E-002
  1.725589970027042E-002
  1.729412455998450E-002
  1.733235827324768E-002
  1.737060079590272E-002
  1.740885208401258E-002
  1.744711209385938E-002
  1.748538078194327E-002
  1.752365810498137E-002
  1.756194401990666E-002
  1.760023848386692E-002
  1.763854145422367E-002
  1.767685288855108E-002
  1.771517274463492E-002
  1.775350098047149E-002
  1.779183755426662E-002
  1.783018242443455E-002
  1.786853554959696E-002
  1.790689688858189E-002
  1.794526640042273E-002
  1.798364404435718E-002
  1.802202977982627E-002
  1.806042356647330E-002
  1.809882536414285E-002
  1.813723513287977E-002
  1.817565283292821E-002
  1.821407842473058E-002
  1.825251186892659E-002
  1.829095312635227E-002
  1.832940215803898E-002
  1.836785892521242E-002
  1.840632338929169E-002
  1.844479551188831E-002
  1.848327525480528E-002
  1.852176258003608E-002
  1.856025744976376E-002
  1.859875982636000E-002
  1.863726967238413E-002
  1.867578695058222E-002
  1.871431162388614E-002
  1.875284365541267E-002
  1.879138300846249E-002
  1.882992964651937E-002
  1.886848353324919E-002
  1.890704463249903E-002
  1.894561290829630E-002
  1.898418832484781E-002
  1.902277084653893E-002
  1.906136043793260E-002
  1.909995706376854E-002
  1.913856068896233E-002
  1.917717127860451E-002
  1.921578879795977E-002
  1.925441321246600E-002
  1.929304448773351E-002
  1.933168258954411E-002
  1.937032748385025E-002
  1.940897913677425E-002
  1.944763751460734E-002
  1.948630258380890E-002
  1.952497431100560E-002
  1.956365266299054E-002
  1.960233760672246E-002
  1.964102910932487E-002
  1.967972713808529E-002
  1.971843166045435E-002
  1.975714264404504E-002
  1.979586005663191E-002
  1.983458386615018E-002
  1.987331404069503E-002
  1.991205054852076E-002
  1.995079335804001E-002
  1.998954243782293E-002
  2.002829775659646E-002
  2.006705928324351E-002
  2.010582698680218E-002
  2.014460083646499E-002
  2.018338080157812E-002
  2.022216685164064E-002
  2.026095895630372E-002
  2.029975708536993E-002
  2.033856120879244E-002
  2.037737129667425E-002
  2.041618731926752E-002
  2.045500924697273E-002
  2.049383705033803E-002
  2.053267070005843E-002
  2.057151016697512E-002
  2.061035542207471E-002
  2.064920643648852E-002
  2.068806318149185E-002
  2.072692562850326E-002
  2.076579374908387E-002
  2.080466751493664E-002
  2.084354689790565E-002
  2.088243186997542E-002
  2.092132240327019E-002
  2.096021847005324E-002
  2.099912004272618E-002
  2.103802709382827E-002
  2.107693959603572E-002
  2.111585752216105E-002
  2.115478084515234E-002
  2.119370953809262E-002
  2.123264357419914E-002
  2.127158292682277E-002
  2.131052756944725E-002
  2.134947747568860E-002
  2.138843261929442E-002
  2.142739297414326E-002
  2.146635851424391E-002
  2.150532921373483E-002
  2.154430504688346E-002
  2.158328598808557E-002
  2.162227201186464E-002
  2.166126309287121E-002
  2.170025920588226E-002
  2.173926032580055E-002
  2.177826642765403E-002
  2.181727748659520E-002
  2.185629347790047E-002
  2.189531437696959E-002
  2.193434015932497E-002
  2.197337080061112E-002
  2.201240627659403E-002
  2.205144656316054E-002
  2.209049163631777E-002
  2.212954147219250E-002
  2.216859604703058E-002
  2.220765533719632E-002
  2.224671931917193E-002
  2.228578796955692E-002
  2.232486126506749E-002
  2.236393918253598E-002
  2.240302169891029E-002
  2.244210879125327E-002
  2.248120043674218E-002
  2.252029661266811E-002
  2.255939729643543E-002
  2.259850246556116E-002
  2.263761209767450E-002
  2.267672617051620E-002
  2.271584466193804E-002
  2.275496754990225E-002
  2.279409481248099E-002
  2.283322642785578E-002
  2.287236237431695E-002
  2.291150263026313E-002
  2.295064717420067E-002
  2.298979598474312E-002
  2.302894904061070E-002
  2.306810632062976E-002
  2.310726780373226E-002
  2.314643346895523E-002
  2.318560329544027E-002
  2.322477726243298E-002
  2.326395534928251E-002
  2.330313753544097E-002
  2.334232380046299E-002
  2.338151412400514E-002
  2.342070848582547E-002
  2.345990686578299E-002
  2.349910924383715E-002
  2.353831560004736E-002
  2.357752591457248E-002
  2.361674016767034E-002
  2.365595833969723E-002
  2.369518041110739E-002
  2.373440636245259E-002
  2.377363617438156E-002
  2.381286982763955E-002
  2.385210730306787E-002
  2.389134858160336E-002
  2.393059364427794E-002
  2.396984247221813E-002
  2.400909504664461E-002
  2.404835134887169E-002
  2.408761136030688E-002
  2.412687506245044E-002
  2.416614243689487E-002
  2.420541346532451E-002
  2.424468812951502E-002
  2.428396641133298E-002
  2.432324829273538E-002
  2.436253375576924E-002
  2.440182278257108E-002
  2.444111535536654E-002
  2.448041145646990E-002
  2.451971106828365E-002
  2.455901417329805E-002
  2.459832075409070E-002
  2.463763079332607E-002
  2.467694427375511E-002
  2.471626117821480E-002
  2.475558148962771E-002
  2.479490519100159E-002
  2.483423226542893E-002
  2.487356269608658E-002
  2.491289646623525E-002
  2.495223355921916E-002
  2.499157395846561E-002
  2.503091764748454E-002
  2.507026460986815E-002
  2.510961482929047E-002
  2.514896828950693E-002
  2.518832497435401E-002
  2.522768486774880E-002
  2.526704795368860E-002
  2.530641421625054E-002
  2.534578363959113E-002
  2.538515620794593E-002
  2.542453190562912E-002
  2.546391071703311E-002
  2.550329262662814E-002
  2.554267761896192E-002
  2.558206567865924E-002
  2.562145679042155E-002
  2.566085093902661E-002
  2.570024810932811E-002
  2.573964828625528E-002
  2.577905145481251E-002
  2.581845760007897E-002
  2.585786670720827E-002
  2.589727876142806E-002
  2.593669374803967E-002
  2.597611165241772E-002
  2.601553246000980E-002
  2.605495615633606E-002
  2.609438272698889E-002
  2.613381215763251E-002
  2.617324443400268E-002
  2.621267954190626E-002
  2.625211746722092E-002
  2.629155819589478E-002
  2.633100171394600E-002
  2.637044800746253E-002
  2.640989706260167E-002
  2.644934886558976E-002
  2.648880340272186E-002
  2.652826066036136E-002
  2.656772062493968E-002
  2.660718328295589E-002
  2.664664862097644E-002
  2.668611662563473E-002
  2.672558728363086E-002
  2.676506058173124E-002
  2.680453650676831E-002
  2.684401504564016E-002
  2.688349618531024E-002
  2.692297991280701E-002
  2.696246621522363E-002
  2.700195507971764E-002
  2.704144649351062E-002
  2.708094044388789E-002
  2.712043691819817E-002
  2.715993590385332E-002
  2.719943738832794E-002
  2.723894135915911E-002
  2.727844780394608E-002
  2.731795671034995E-002
  2.735746806609334E-002
  2.739698185896013E-002
  2.743649807679512E-002
  2.747601670750372E-002
  2.751553773905168E-002
  2.755506115946475E-002
  2.759458695682844E-002
  2.763411511928764E-002
  2.767364563504639E-002
  2.771317849236756E-002
  2.775271367957257E-002
  2.779225118504106E-002
  2.783179099721065E-002
  2.787133310457662E-002
  2.791087749569163E-002
  2.795042415916543E-002
  2.798997308366459E-002
  2.802952425791220E-002
  2.806907767068759E-002
  2.810863331082605E-002
  2.814819116721856E-002
  2.818775122881152E-002
  2.822731348460644E-002
  2.826687792365968E-002
  2.830644453508221E-002
  2.834601330803930E-002
  2.838558423175023E-002
  2.842515729548807E-002
  2.846473248857942E-002
  2.850430980040405E-002
  2.854388922039476E-002
  2.858347073803701E-002
  2.862305434286873E-002
  2.866264002448002E-002
  2.870222777251289E-002
  2.874181757666102E-002
  2.878140942666950E-002
  2.882100331233456E-002
  2.886059922350331E-002
  2.890019715007351E-002
  2.893979708199331E-002
  2.897939900926099E-002
  2.901900292192470E-002
  2.905860881008224E-002
  2.909821666388080E-002
  2.913782647351670E-002
  2.917743822923516E-002
  2.921705192133004E-002
  2.925666754014365E-002
  2.929628507606642E-002
  2.933590451953673E-002
  2.937552586104065E-002
  2.941514909111170E-002
  2.945477420033061E-002
  2.949440117932509E-002
  2.953403001876960E-002
  2.957366070938510E-002
  2.961329324193885E-002
  2.965292760724412E-002
  2.969256379616005E-002
  2.973220179959132E-002
  2.977184160848801E-002
  2.981148321384533E-002
  2.985112660670338E-002
  2.989077177814698E-002
  2.993041871930539E-002
  2.997006742135211E-002
  3.000971787550468E-002
  3.004937007302444E-002
  3.008902400521631E-002
  3.012867966342857E-002
  3.016833703905266E-002
  3.020799612352295E-002
  3.024765690831654E-002
  3.028731938495304E-002
  3.032698354499433E-002
  3.036664938004440E-002
  3.040631688174912E-002
  3.044598604179600E-002
  3.048565685191403E-002
  3.052532930387345E-002
  3.056500338948553E-002
  3.060467910060240E-002
  3.064435642911683E-002
  3.068403536696200E-002
  3.072371590611135E-002
  3.076339803857835E-002
  3.080308175641627E-002
  3.084276705171807E-002
  3.088245391661609E-002
  3.092214234328195E-002
  3.096183232392629E-002
  3.100152385079863E-002
  3.104121691618710E-002
  3.108091151241834E-002
  3.112060763185723E-002
  3.116030526690674E-002
  3.120000441000773E-002
  3.123970505363877E-002
  3.127940719031592E-002
  3.131911081259260E-002
  3.135881591305933E-002
  3.139852248434363E-002
  3.143823051910975E-002
  3.147794001005855E-002
  3.151765094992728E-002
  3.155736333148944E-002
  3.159707714755454E-002
  3.163679239096796E-002
  3.167650905461079E-002
  3.171622713139961E-002
  3.175594661428630E-002
  3.179566749625792E-002
  3.183538977033652E-002
  3.187511342957893E-002
  3.191483846707663E-002
  3.195456487595552E-002
  3.199429264937582E-002
  3.203402178053186E-002
  3.203402178053186E-002
  3.203402178053186E-002
  3.203402178053186E-002
  3.203402178053186E-002
  3.203402178053186E-002
  3.203402178053186E-002
  3.203402178053186E-002
  3.203402178053186E-002
  3.203402178053186E-002
  3.203402178053186E-002
  3.203402178053186E-002
  3.203402178053186E-002
  3.203402178053186E-002
  3.203402178053186E-002
  3.203402178053186E-002
  3.203402178053186E-002
  3.203402178053186E-002
  3.203402178053186E-002
  3.203402178053186E-002
  3.203402178053186E-002
  3.203402178053186E-002
  3.203402178053186E-002
  3.203402178053186E-002
  3.203402178053186E-002
  3.203402178053186E-002
  3.203402178053186E-002
  3.203402178053186E-002
  3.203402178053186E-002
  3.203402178053186E-002
  3.203402178053186E-002
  3.203402178053186E-002
  3.203402178053186E-002
  3.203402178053186E-002
  3.203402178053186E-002
  3.203402178053186E-002
  3.203402178053186E-002
  3.203402178053186E-002
  3.203402178053186E-002
  3.203402178053186E-002
  3.203402178053186E-002
  3.203402178053186E-002
  3.203402178053186E-002
  3.203402178053186E-002
  3.203402178053186E-002
  3.203402178053186E-002
  3.203402178053186E-002
  3.203402178053186E-002
  3.203402178053186E-002
  3.203402178053186E-002
  3.203402178053186E-002
  3.203402178053186E-002
  3.203402178053186E-002
  3.203402178053186E-002
  3.203402178053186E-002
  3.203402178053186E-002
  3.203402178053186E-002
  3.203402178053186E-002
  3.203402178053186E-002
  3.203402178053186E-002
  3.203402178053186E-002
  3.203402178053186E-002
  3.203402178053186E-002
  3.203402178053186E-002
  3.203402178053186E-002
  3.203402178053186E-002
  3.203402178053186E-002
  3.203402178053186E-002
  3.203402178053186E-002
  3.203402178053186E-002
  3.203402178053186E-002
  3.203402178053186E-002
  3.203402178053186E-002
  3.203402178053186E-002
  3.203402178053186E-002
  3.203402178053186E-002
  3.203402178053186E-002
  3.203402178053186E-002
  3.203402178053186E-002
  3.203402178053186E-002
  3.203402178053186E-002
  3.203402178053186E-002
  3.203402178053186E-002
  3.203402178053186E-002
  3.203402178053186E-002
  3.203402178053186E-002
  3.203402178053186E-002
  3.203402178053186E-002
  3.203402178053186E-002
  3.203402178053186E-002
  3.203402178053186E-002
  3.203402178053186E-002
  3.203402178053186E-002
  3.203402178053186E-002
  3.203402178053186E-002
  3.203402178053186E-002
  3.203402178053186E-002
  3.203402178053186E-002
  3.203402178053186E-002
  3.203402178053186E-002
  3.203402178053186E-002
  3.203402178053186E-002
  3.203402178053186E-002
  3.203402178053186E-002
  3.203402178053186E-002
  3.203402178053186E-002
  3.203402178053186E-002
  3.203402178053186E-002
  3.203402178053186E-002
  3.203402178053186E-002
  3.203402178053186E-002
  3.203402178053186E-002
  3.203402178053186E-002
  3.203402178053186E-002
  3.203402178053186E-002
  3.203402178053186E-002
  3.203402178053186E-002
  3.203402178053186E-002
  3.203402178053186E-002
  3.203402178053186E-002
  3.203402178053186E-002
  3.203402178053186E-002
  3.203402178053186E-002
  3.203402178053186E-002
  3.203402178053186E-002
  3.203402178053186E-002
  3.203402178053186E-002
  3.203402178053186E-002
  3.203402178053186E-002
  3.203402178053186E-002
  3.203402178053186E-002
  3.203402178053186E-002
  3.203402178053186E-002
  3.203402178053186E-002
  3.203402178053186E-002
  3.203402178053186E-002
  3.203402178053186E-002
  3.203402178053186E-002
  3.203402178053186E-002
  3.203402178053186E-002
  3.203402178053186E-002
  3.203402178053186E-002
  3.203402178053186E-002
  3.203402178053186E-002
  3.203402178053186E-002
  3.203402178053186E-002
  3.203402178053186E-002
  3.203402178053186E-002
  3.203402178053186E-002
  3.203402178053186E-002
  3.203402178053186E-002
  3.203402178053186E-002
  3.203402178053186E-002
  3.203402178053186E-002
  3.203402178053186E-002
  3.203402178053186E-002
  3.203402178053186E-002
  3.203402178053186E-002
  3.203402178053186E-002
  3.203402178053186E-002
  3.203402178053186E-002
  3.203402178053186E-002
  3.203402178053186E-002
  3.203402178053186E-002
  3.203402178053186E-002
  3.203402178053186E-002
  3.203402178053186E-002
  3.203402178053186E-002
  3.203402178053186E-002
  3.203402178053186E-002
  3.203402178053186E-002
  3.203402178053186E-002
  3.203402178053186E-002
  3.203402178053186E-002
  3.203402178053186E-002
  3.203402178053186E-002
  3.203402178053186E-002
  3.203402178053186E-002
  3.203402178053186E-002
  3.203402178053186E-002
  3.203402178053186E-002
  3.203402178053186E-002
  3.203402178053186E-002
  3.203402178053186E-002
  3.203402178053186E-002
  3.203402178053186E-002
  3.203402178053186E-002
  3.203402178053186E-002
  3.203402178053186E-002
  3.203402178053186E-002
  3.203402178053186E-002
  3.203402178053186E-002
  3.203402178053186E-002
  3.203402178053186E-002
  3.203402178053186E-002
  3.203402178053186E-002
  3.203402178053186E-002
  3.203402178053186E-002
  3.203402178053186E-002
  3.203402178053186E-002
  3.203402178053186E-002
  3.203402178053186E-002
  3.203402178053186E-002
  3.203402178053186E-002
  3.203402178053186E-002
  3.203402178053186E-002
  3.203402178053186E-002
  3.203402178053186E-002
  3.203402178053186E-002
  3.203402178053186E-002
  3.203402178053186E-002
  3.203402178053186E-002
  3.203402178053186E-002
  3.203402178053186E-002
  3.203402178053186E-002
  3.203402178053186E-002
  3.203402178053186E-002
  3.203402178053186E-002
  3.203402178053186E-002
  3.203402178053186E-002
  3.203402178053186E-002
  3.203402178053186E-002
  3.203402178053186E-002
  3.203402178053186E-002
  3.203402178053186E-002
  3.203402178053186E-002
  3.203402178053186E-002
  3.203402178053186E-002
  3.203402178053186E-002
  3.203402178053186E-002
  3.203402178053186E-002
  3.203402178053186E-002
  3.203402178053186E-002
  3.203402178053186E-002
  3.203402178053186E-002
  3.203402178053186E-002
  3.203402178053186E-002
  3.203402178053186E-002
  3.203402178053186E-002
  3.203402178053186E-002
  3.203402178053186E-002
  3.203402178053186E-002
  3.203402178053186E-002
  3.203402178053186E-002
  3.203402178053186E-002
  3.203402178053186E-002
  3.203402178053186E-002
  3.203402178053186E-002
  3.203402178053186E-002
  3.203402178053186E-002
  3.203402178053186E-002
  3.203402178053186E-002
  3.203402178053186E-002
  3.203402178053186E-002
  3.203402178053186E-002
  3.203402178053186E-002
  3.203402178053186E-002
  3.203402178053186E-002
  3.203402178053186E-002
  3.203402178053186E-002
  3.203402178053186E-002
  3.203402178053186E-002
  3.203402178053186E-002
  3.203402178053186E-002
  3.203402178053186E-002
  3.203402178053186E-002
  3.203402178053186E-002
  3.203402178053186E-002
  3.203402178053186E-002
  3.203402178053186E-002
  3.203402178053186E-002
  3.203402178053186E-002
  3.203402178053186E-002
  3.203402178053186E-002
  3.203402178053186E-002
  3.203402178053186E-002
  3.203402178053186E-002
  3.203402178053186E-002
  3.203402178053186E-002
  3.203402178053186E-002
  3.203402178053186E-002
  3.203402178053186E-002
  3.203402178053186E-002
  3.203402178053186E-002
  3.203402178053186E-002
  3.203402178053186E-002
  3.203402178053186E-002
  3.203402178053186E-002
  3.203402178053186E-002
  3.203402178053186E-002
  3.203402178053186E-002
  3.203402178053186E-002
  3.203402178053186E-002
  3.203402178053186E-002
  3.203402178053186E-002
  3.203402178053186E-002
  3.203402178053186E-002
  3.203402178053186E-002
  3.203402178053186E-002
  3.203402178053186E-002
  3.203402178053186E-002
  3.203402178053186E-002
  3.203402178053186E-002
  3.203402178053186E-002
  3.203402178053186E-002
  3.203402178053186E-002
  3.203402178053186E-002
  3.203402178053186E-002
  3.203402178053186E-002
  3.203402178053186E-002
  3.203402178053186E-002
  3.203402178053186E-002
  3.203402178053186E-002
  3.203402178053186E-002
  3.203402178053186E-002
  3.203402178053186E-002
  3.203402178053186E-002
  3.203402178053186E-002
  3.203402178053186E-002
  3.203402178053186E-002
  3.203402178053186E-002
  3.203402178053186E-002
  3.203402178053186E-002
  3.203402178053186E-002
  3.203402178053186E-002
  3.203402178053186E-002
  3.203402178053186E-002
  3.203402178053186E-002
  3.203402178053186E-002
  3.203402178053186E-002
  3.203402178053186E-002
  3.203402178053186E-002
  3.203402178053186E-002
  3.203402178053186E-002
  3.203402178053186E-002
  3.203402178053186E-002
  3.203402178053186E-002
  3.203402178053186E-002
  3.203402178053186E-002
  3.203402178053186E-002
  3.203402178053186E-002
  3.203402178053186E-002
  3.203402178053186E-002
  3.203402178053186E-002
  3.203402178053186E-002
  3.203402178053186E-002
  3.203402178053186E-002
  3.203402178053186E-002
  3.203402178053186E-002
  3.203402178053186E-002
  3.203402178053186E-002
  3.203402178053186E-002
  3.203402178053186E-002
  3.203402178053186E-002
  3.203402178053186E-002
  3.203402178053186E-002
  3.203402178053186E-002
  3.203402178053186E-002
  3.203402178053186E-002
  3.203402178053186E-002
  3.203402178053186E-002
  3.203402178053186E-002
  3.203402178053186E-002
  3.203402178053186E-002
  3.203402178053186E-002
  3.203402178053186E-002
  3.203402178053186E-002
  3.203402178053186E-002
  3.203402178053186E-002
  3.203402178053186E-002
  3.203402178053186E-002
  3.203402178053186E-002
  3.203402178053186E-002
  3.203402178053186E-002
  3.203402178053186E-002
  3.203402178053186E-002
  3.203402178053186E-002
  3.203402178053186E-002
  3.203402178053186E-002
  3.203402178053186E-002
  3.203402178053186E-002
  3.203402178053186E-002
  3.203402178053186E-002
  3.203402178053186E-002
  3.203402178053186E-002
  3.203402178053186E-002
  3.203402178053186E-002
  3.203402178053186E-002
  3.203402178053186E-002
  3.203402178053186E-002
  3.203402178053186E-002
  3.203402178053186E-002
  3.203402178053186E-002
  3.203402178053186E-002
  3.203402178053186E-002
  3.203402178053186E-002
  3.203402178053186E-002
  3.203402178053186E-002
  3.203402178053186E-002
  3.203402178053186E-002
  3.203402178053186E-002
  3.203402178053186E-002
  3.203402178053186E-002
  3.203402178053186E-002
  3.203402178053186E-002
  3.203402178053186E-002
  3.203402178053186E-002
  3.203402178053186E-002
  3.203402178053186E-002
  3.203402178053186E-002
  3.203402178053186E-002
  3.203402178053186E-002
  3.203402178053186E-002
  3.203402178053186E-002
  3.203402178053186E-002
  3.203402178053186E-002
  3.203402178053186E-002
  3.203402178053186E-002
  3.203402178053186E-002
  3.203402178053186E-002
  3.203402178053186E-002
  3.203402178053186E-002
  3.203402178053186E-002
  3.203402178053186E-002
  3.203402178053186E-002
  3.203402178053186E-002
  3.203402178053186E-002
  3.203402178053186E-002
  3.203402178053186E-002
  3.203402178053186E-002
  3.203402178053186E-002
  3.203402178053186E-002
  3.203402178053186E-002
  3.203402178053186E-002
  3.203402178053186E-002
  3.203402178053186E-002
  3.203402178053186E-002
  3.203402178053186E-002
  3.203402178053186E-002
  3.203402178053186E-002
  3.203402178053186E-002
  3.203402178053186E-002
  3.203402178053186E-002
  3.203402178053186E-002
  3.203402178053186E-002
  3.203402178053186E-002
  3.203402178053186E-002
  3.203402178053186E-002
  3.203402178053186E-002
  3.203402178053186E-002
  3.203402178053186E-002
  3.203402178053186E-002
  3.203402178053186E-002
  3.203402178053186E-002
  3.203402178053186E-002
  3.203402178053186E-002
  3.203402178053186E-002
  3.203402178053186E-002
  3.203402178053186E-002
  3.203402178053186E-002
  3.203402178053186E-002
  3.203402178053186E-002
  3.203402178053186E-002
  3.203402178053186E-002
  3.203402178053186E-002
  3.203402178053186E-002
  3.203402178053186E-002
  3.203402178053186E-002
  3.203402178053186E-002
  3.203402178053186E-002
  3.203402178053186E-002
  3.203402178053186E-002
  3.203402178053186E-002
  3.203402178053186E-002
  3.203402178053186E-002
  3.203402178053186E-002
  3.203402178053186E-002
  3.203402178053186E-002
  3.203402178053186E-002
  3.203402178053186E-002
  3.203402178053186E-002
  3.203402178053186E-002
  3.203402178053186E-002
  3.203402178053186E-002
  3.203402178053186E-002
  3.203402178053186E-002
  3.203402178053186E-002
  3.203402178053186E-002
  3.203402178053186E-002
  3.203402178053186E-002
  3.203402178053186E-002
  3.203402178053186E-002
  3.203402178053186E-002
  3.203402178053186E-002
  3.203402178053186E-002
  3.203402178053186E-002
  3.203402178053186E-002
  3.203402178053186E-002
  3.203402178053186E-002
  3.203402178053186E-002
  3.203402178053186E-002
  3.203402178053186E-002
  3.203402178053186E-002
  3.203402178053186E-002
  3.203402178053186E-002
  3.203402178053186E-002
  3.203402178053186E-002
  3.203402178053186E-002
  3.203402178053186E-002
  3.203402178053186E-002
  3.203402178053186E-002
  3.203402178053186E-002
  3.203402178053186E-002
  3.203402178053186E-002
  3.203402178053186E-002
  3.203402178053186E-002
  3.203402178053186E-002
  3.203402178053186E-002
  3.203402178053186E-002
  3.203402178053186E-002
  3.203402178053186E-002
  3.203402178053186E-002
  3.203402178053186E-002
  3.203402178053186E-002
  3.203402178053186E-002
  3.203402178053186E-002
  3.203402178053186E-002
  3.203402178053186E-002
  3.203402178053186E-002
  3.203402178053186E-002
  3.203402178053186E-002
  3.203402178053186E-002
  3.203402178053186E-002
  3.203402178053186E-002
  3.203402178053186E-002
  3.203402178053186E-002
  3.203402178053186E-002
  3.203402178053186E-002
  3.203402178053186E-002
  3.203402178053186E-002
  3.203402178053186E-002
  3.203402178053186E-002
  3.203402178053186E-002
  3.203402178053186E-002
  3.203402178053186E-002
  3.203402178053186E-002
  3.203402178053186E-002
  3.203402178053186E-002
  3.203402178053186E-002
  3.203402178053186E-002
  3.203402178053186E-002
  3.203402178053186E-002
  3.203402178053186E-002
  3.203402178053186E-002
  3.203402178053186E-002
  3.203402178053186E-002
  3.203402178053186E-002
  3.203402178053186E-002
  3.203402178053186E-002
  3.203402178053186E-002
  3.203402178053186E-002
  3.203402178053186E-002
  3.203402178053186E-002
  3.203402178053186E-002
  3.203402178053186E-002
  3.203402178053186E-002
  3.203402178053186E-002
  3.203402178053186E-002
  3.203402178053186E-002
  3.203402178053186E-002
  3.203402178053186E-002
  3.203402178053186E-002
  3.203402178053186E-002
  3.203402178053186E-002
  3.203402178053186E-002
  3.203402178053186E-002
  3.203402178053186E-002
  3.203402178053186E-002
  3.203402178053186E-002
  3.203402178053186E-002
  3.203402178053186E-002
  3.203402178053186E-002
  3.203402178053186E-002
  3.203402178053186E-002
  3.203402178053186E-002
  3.203402178053186E-002
  3.203402178053186E-002
  3.203402178053186E-002
  3.203402178053186E-002
  3.203402178053186E-002
  3.203402178053186E-002
  3.203402178053186E-002
  3.203402178053186E-002
  3.203402178053186E-002
  3.203402178053186E-002
  3.203402178053186E-002
  3.203402178053186E-002
  3.203402178053186E-002
  3.203402178053186E-002
  3.203402178053186E-002
  3.203402178053186E-002
  3.203402178053186E-002
  3.203402178053186E-002
  3.203402178053186E-002
  3.203402178053186E-002
  3.203402178053186E-002
  3.203402178053186E-002
  3.203402178053186E-002
  3.203402178053186E-002
  3.203402178053186E-002
  3.203402178053186E-002
  3.203402178053186E-002
  3.203402178053186E-002
  3.203402178053186E-002
  3.203402178053186E-002
  3.203402178053186E-002
  3.203402178053186E-002
  3.203402178053186E-002
  3.203402178053186E-002
  3.203402178053186E-002
  3.203402178053186E-002
  3.203402178053186E-002
  3.203402178053186E-002
  3.203402178053186E-002
  3.203402178053186E-002
  3.203402178053186E-002
  3.203402178053186E-002
  3.203402178053186E-002
  3.203402178053186E-002
  3.203402178053186E-002
  3.203402178053186E-002
  3.203402178053186E-002
  3.203402178053186E-002
  3.203402178053186E-002
  3.203402178053186E-002
  3.203402178053186E-002
  3.203402178053186E-002
  3.203402178053186E-002
  3.203402178053186E-002
  3.203402178053186E-002
  3.203402178053186E-002
  3.203402178053186E-002
  3.203402178053186E-002
  3.203402178053186E-002
  3.203402178053186E-002
  3.203402178053186E-002
  3.203402178053186E-002
  3.203402178053186E-002
  3.203402178053186E-002
  3.203402178053186E-002
  3.203402178053186E-002
  3.203402178053186E-002
  3.203402178053186E-002
  3.203402178053186E-002
  3.203402178053186E-002
  3.203402178053186E-002
  3.203402178053186E-002
  3.203402178053186E-002
  3.203402178053186E-002
  3.203402178053186E-002
  3.203402178053186E-002
  3.203402178053186E-002
  3.203402178053186E-002
  3.203402178053186E-002
  3.203402178053186E-002
  3.203402178053186E-002
  3.203402178053186E-002
  3.203402178053186E-002
  3.203402178053186E-002
  3.203402178053186E-002
  3.203402178053186E-002
  3.203402178053186E-002
  3.203402178053186E-002
  3.203402178053186E-002
  3.203402178053186E-002
  3.203402178053186E-002
  3.203402178053186E-002
  3.203402178053186E-002
  3.203402178053186E-002
  3.203402178053186E-002
  3.203402178053186E-002
  3.203402178053186E-002
  3.203402178053186E-002
  3.203402178053186E-002
  3.203402178053186E-002
  3.203402178053186E-002
  3.203402178053186E-002
  3.203402178053186E-002
  3.203402178053186E-002
  3.203402178053186E-002
  3.203402178053186E-002
  3.203402178053186E-002
  3.203402178053186E-002
  3.203402178053186E-002
  3.203402178053186E-002
  3.203402178053186E-002
  3.203402178053186E-002
  3.203402178053186E-002
  3.203402178053186E-002
  3.203402178053186E-002
  3.203402178053186E-002
  3.203402178053186E-002
  3.203402178053186E-002
  3.203402178053186E-002
  3.203402178053186E-002
  3.203402178053186E-002
  3.203402178053186E-002
  3.203402178053186E-002
  3.203402178053186E-002
  3.203402178053186E-002
  3.203402178053186E-002
  3.203402178053186E-002
  3.203402178053186E-002
  3.203402178053186E-002
  3.203402178053186E-002
  3.203402178053186E-002
  3.203402178053186E-002
  3.203402178053186E-002
  3.203402178053186E-002
  3.203402178053186E-002
  3.203402178053186E-002
  3.203402178053186E-002
  3.203402178053186E-002
  3.203402178053186E-002
  3.203402178053186E-002
  3.203402178053186E-002
  3.203402178053186E-002
  3.203402178053186E-002
  3.203402178053186E-002
  3.203402178053186E-002
  3.203402178053186E-002
  3.203402178053186E-002
  3.203402178053186E-002
  3.203402178053186E-002
  3.203402178053186E-002
  3.203402178053186E-002
  3.203402178053186E-002
  3.203402178053186E-002
  3.203402178053186E-002
  3.203402178053186E-002
  3.203402178053186E-002
  3.203402178053186E-002
  3.203402178053186E-002
  3.203402178053186E-002
  3.203402178053186E-002
  3.203402178053186E-002
  3.203402178053186E-002
  3.203402178053186E-002
  3.203402178053186E-002
  3.203402178053186E-002
  3.203402178053186E-002
  3.203402178053186E-002
  3.203402178053186E-002
  3.203402178053186E-002
  3.203402178053186E-002
  3.203402178053186E-002
  3.203402178053186E-002
  3.203402178053186E-002
  3.203402178053186E-002
  3.203402178053186E-002
  3.203402178053186E-002
  3.203402178053186E-002
  3.203402178053186E-002
  3.203402178053186E-002
  3.203402178053186E-002
  3.203402178053186E-002
  3.203402178053186E-002
  3.203402178053186E-002
  3.203402178053186E-002
  3.203402178053186E-002
  3.203402178053186E-002
  3.203402178053186E-002
  3.203402178053186E-002
  3.203402178053186E-002
  3.203402178053186E-002
  3.203402178053186E-002
  3.203402178053186E-002
  3.203402178053186E-002
  3.203402178053186E-002
  3.203402178053186E-002
  3.203402178053186E-002
  3.203402178053186E-002
  3.203402178053186E-002
  3.203402178053186E-002
  3.203402178053186E-002
  3.203402178053186E-002
  3.203402178053186E-002
  3.203402178053186E-002
  3.203402178053186E-002
  3.203402178053186E-002
  3.203402178053186E-002
  3.203402178053186E-002
  3.203402178053186E-002
  3.203402178053186E-002
  3.203402178053186E-002
  3.203402178053186E-002
  3.203402178053186E-002
  3.203402178053186E-002
  3.203402178053186E-002
  3.203402178053186E-002
  3.203402178053186E-002
  3.203402178053186E-002
  3.203402178053186E-002
  3.203402178053186E-002
  3.203402178053186E-002
  3.203402178053186E-002
  3.203402178053186E-002
  3.203402178053186E-002
  3.203402178053186E-002
  3.203402178053186E-002
  3.203402178053186E-002
  3.203402178053186E-002
  3.203402178053186E-002
  3.203402178053186E-002
  3.203402178053186E-002
  3.203402178053186E-002
  3.203402178053186E-002
  3.203402178053186E-002
  3.203402178053186E-002
  3.203402178053186E-002
  3.203402178053186E-002
  3.203402178053186E-002
  3.203402178053186E-002
  3.203402178053186E-002
  3.203402178053186E-002
  3.203402178053186E-002
  3.203402178053186E-002
  3.203402178053186E-002
  3.203402178053186E-002
  3.203402178053186E-002
  3.203402178053186E-002
  3.203402178053186E-002
  3.203402178053186E-002
  3.203402178053186E-002
  3.203402178053186E-002
  3.203402178053186E-002
  3.203402178053186E-002
  3.203402178053186E-002
  3.203402178053186E-002
  3.203402178053186E-002
  3.203402178053186E-002
  3.203402178053186E-002
  3.203402178053186E-002
  3.203402178053186E-002
  3.203402178053186E-002
  3.203402178053186E-002
  3.203402178053186E-002
  3.203402178053186E-002
  3.203402178053186E-002
  3.203402178053186E-002
  3.203402178053186E-002
  3.203402178053186E-002
  3.203402178053186E-002
  3.203402178053186E-002
  3.203402178053186E-002
  3.203402178053186E-002
  3.203402178053186E-002
  3.203402178053186E-002
  3.203402178053186E-002
  3.203402178053186E-002
  3.203402178053186E-002
  3.203402178053186E-002
  3.203402178053186E-002
  3.203402178053186E-002
  3.203402178053186E-002
  3.203402178053186E-002
  3.203402178053186E-002
  3.203402178053186E-002
  3.203402178053186E-002
  3.203402178053186E-002
  3.203402178053186E-002
  3.203402178053186E-002
  3.203402178053186E-002
  3.203402178053186E-002
  3.203402178053186E-002
  3.203402178053186E-002
  3.203402178053186E-002
  3.203402178053186E-002
  3.203402178053186E-002
  3.203402178053186E-002
  3.203402178053186E-002
  3.203402178053186E-002
  3.203402178053186E-002
  3.203402178053186E-002
  3.203402178053186E-002
  3.203402178053186E-002
  3.203402178053186E-002
  3.203402178053186E-002
  3.203402178053186E-002
  3.203402178053186E-002
  3.203402178053186E-002
  3.203402178053186E-002
  3.203402178053186E-002
  3.203402178053186E-002
  3.203402178053186E-002
  3.203402178053186E-002
  3.203402178053186E-002
  3.203402178053186E-002
  3.203402178053186E-002
  3.203402178053186E-002
  3.203402178053186E-002
  3.203402178053186E-002
  3.203402178053186E-002
  3.203402178053186E-002
  3.203402178053186E-002
  3.203402178053186E-002
  3.203402178053186E-002
  3.203402178053186E-002
  3.203402178053186E-002
  3.203402178053186E-002
  3.203402178053186E-002
  3.203402178053186E-002
  3.203402178053186E-002
  3.203402178053186E-002
  3.203402178053186E-002
  3.203402178053186E-002
  3.203402178053186E-002
  3.203402178053186E-002
  3.203402178053186E-002
  3.203402178053186E-002
  3.203402178053186E-002
  3.203402178053186E-002
  3.203402178053186E-002
  3.203402178053186E-002
  3.203402178053186E-002
  3.203402178053186E-002
  3.203402178053186E-002
  3.203402178053186E-002
  3.203402178053186E-002
  3.203402178053186E-002
  3.203402178053186E-002
  3.203402178053186E-002
  3.203402178053186E-002
  3.203402178053186E-002
  3.203402178053186E-002
  3.203402178053186E-002
  3.203402178053186E-002
  3.203402178053186E-002
  3.203402178053186E-002
  3.203402178053186E-002
  3.203402178053186E-002
  3.203402178053186E-002
  3.203402178053186E-002
  3.203402178053186E-002
  3.203402178053186E-002
  3.203402178053186E-002
  3.203402178053186E-002
  3.203402178053186E-002
  3.203402178053186E-002
  3.203402178053186E-002
  3.203402178053186E-002
  3.203402178053186E-002
  3.203402178053186E-002
  3.203402178053186E-002
  3.203402178053186E-002
  3.203402178053186E-002
  3.203402178053186E-002
  3.203402178053186E-002
  3.203402178053186E-002
  3.203402178053186E-002
  3.203402178053186E-002
  3.203402178053186E-002
  3.203402178053186E-002
  3.203402178053186E-002
  3.203402178053186E-002
  3.203402178053186E-002
  3.203402178053186E-002
  3.203402178053186E-002
  3.203402178053186E-002
  3.203402178053186E-002
  3.203402178053186E-002
  3.203402178053186E-002
  3.203402178053186E-002
  3.203402178053186E-002
  3.203402178053186E-002
  3.203402178053186E-002
  3.203402178053186E-002
  3.203402178053186E-002
  3.203402178053186E-002
  3.203402178053186E-002
  3.203402178053186E-002
  3.203402178053186E-002
  3.203402178053186E-002
  3.203402178053186E-002
  3.203402178053186E-002
  3.203402178053186E-002
  3.203402178053186E-002
  3.203402178053186E-002
  3.203402178053186E-002
  3.203402178053186E-002
  3.203402178053186E-002
  3.203402178053186E-002
  3.203402178053186E-002
  3.203402178053186E-002
  3.203402178053186E-002
  3.203402178053186E-002
  3.203402178053186E-002
  3.203402178053186E-002
  3.203402178053186E-002
  3.203402178053186E-002
  3.203402178053186E-002
  3.203402178053186E-002
  3.203402178053186E-002
  3.203402178053186E-002
  3.203402178053186E-002
  3.203402178053186E-002
  3.203402178053186E-002
  3.203402178053186E-002
  3.203402178053186E-002
  3.203402178053186E-002
  3.203402178053186E-002
  3.203402178053186E-002
  3.203402178053186E-002
  3.203402178053186E-002
  3.203402178053186E-002
  3.203402178053186E-002
  3.203402178053186E-002
  3.203402178053186E-002
  3.203402178053186E-002
  3.203402178053186E-002
  3.203402178053186E-002
  3.203402178053186E-002
  3.203402178053186E-002
  3.203402178053186E-002
  3.203402178053186E-002
  3.203402178053186E-002
  3.203402178053186E-002
  3.203402178053186E-002
  3.203402178053186E-002
  3.203402178053186E-002
  3.203402178053186E-002
  3.203402178053186E-002
  3.203402178053186E-002
  3.203402178053186E-002
  3.203402178053186E-002
  3.203402178053186E-002
  3.203402178053186E-002
  3.203402178053186E-002
  3.203402178053186E-002
  3.203402178053186E-002
  3.203402178053186E-002
  3.203402178053186E-002
  3.203402178053186E-002
  3.203402178053186E-002
  3.203402178053186E-002
  3.203402178053186E-002
  3.203402178053186E-002
  3.203402178053186E-002
  3.203402178053186E-002
  3.203402178053186E-002
  3.203402178053186E-002
  3.203402178053186E-002
  3.203402178053186E-002
  3.203402178053186E-002
  3.203402178053186E-002
  3.203402178053186E-002
  3.203402178053186E-002
  3.203402178053186E-002
  3.203402178053186E-002
  3.203402178053186E-002
  3.203402178053186E-002
  3.203402178053186E-002
  3.203402178053186E-002
  3.203402178053186E-002
  3.203402178053186E-002
  3.203402178053186E-002
  3.203402178053186E-002
  3.203402178053186E-002
  3.203402178053186E-002
  3.203402178053186E-002
  3.203402178053186E-002
  3.203402178053186E-002
  3.203402178053186E-002
  3.203402178053186E-002
  3.203402178053186E-002
  3.203402178053186E-002
  3.203402178053186E-002
  3.203402178053186E-002
  3.203402178053186E-002
  3.203402178053186E-002
  3.203402178053186E-002
  3.203402178053186E-002
  3.203402178053186E-002
  3.203402178053186E-002
  3.203402178053186E-002
  3.203402178053186E-002
  3.203402178053186E-002
  3.203402178053186E-002
  3.203402178053186E-002
  3.203402178053186E-002
  3.203402178053186E-002
  3.203402178053186E-002
  3.203402178053186E-002
  3.203402178053186E-002
  3.203402178053186E-002
  3.203402178053186E-002
  3.203402178053186E-002
  3.203402178053186E-002
  3.203402178053186E-002
  3.203402178053186E-002
  3.203402178053186E-002
  3.203402178053186E-002
  3.203402178053186E-002
  3.203402178053186E-002
  3.203402178053186E-002
  3.203402178053186E-002
  3.203402178053186E-002
  3.203402178053186E-002
  3.203402178053186E-002
  3.203402178053186E-002
  3.203402178053186E-002
  3.203402178053186E-002
  3.203402178053186E-002
  3.203402178053186E-002
  3.203402178053186E-002
  3.203402178053186E-002
  3.203402178053186E-002
  3.203402178053186E-002
  3.203402178053186E-002
  3.203402178053186E-002
  3.203402178053186E-002
  3.203402178053186E-002
  3.203402178053186E-002
  3.203402178053186E-002
  3.203402178053186E-002
  3.203402178053186E-002
  3.203402178053186E-002
  3.203402178053186E-002
  3.203402178053186E-002
  3.203402178053186E-002
  3.203402178053186E-002
  3.203402178053186E-002
  3.203402178053186E-002
  3.203402178053186E-002
  3.203402178053186E-002
  3.203402178053186E-002
  3.203402178053186E-002
  3.203402178053186E-002
  3.203402178053186E-002
  3.203402178053186E-002
  3.203402178053186E-002
  3.203402178053186E-002
  3.203402178053186E-002
  3.203402178053186E-002
  3.203402178053186E-002
  3.203402178053186E-002
  3.203402178053186E-002
  3.203402178053186E-002
  3.203402178053186E-002
  3.203402178053186E-002
  3.203402178053186E-002
  3.203402178053186E-002
  3.203402178053186E-002
  3.203402178053186E-002
  3.203402178053186E-002
  3.203402178053186E-002
  3.203402178053186E-002
  3.203402178053186E-002
  3.203402178053186E-002
  3.203402178053186E-002
  3.203402178053186E-002
  3.203402178053186E-002
  3.203402178053186E-002
  3.203402178053186E-002
  3.203402178053186E-002
  3.203402178053186E-002
  3.203402178053186E-002
  3.203402178053186E-002
  3.203402178053186E-002
  3.203402178053186E-002
  3.203402178053186E-002
  3.203402178053186E-002
  3.203402178053186E-002
  3.203402178053186E-002
  3.203402178053186E-002
  3.203402178053186E-002
  3.203402178053186E-002
  3.203402178053186E-002
  3.203402178053186E-002
  3.203402178053186E-002
  3.203402178053186E-002
  3.203402178053186E-002
  3.203402178053186E-002
  3.203402178053186E-002
  3.203402178053186E-002
  3.203402178053186E-002
  3.203402178053186E-002
  3.203402178053186E-002
  3.203402178053186E-002
  3.203402178053186E-002
  3.203402178053186E-002
  3.203402178053186E-002
  3.203402178053186E-002
  3.203402178053186E-002
  3.203402178053186E-002
  3.203402178053186E-002
  3.203402178053186E-002
  3.203402178053186E-002
  3.203402178053186E-002
  3.203402178053186E-002
  3.203402178053186E-002
  3.203402178053186E-002
  3.203402178053186E-002
  3.203402178053186E-002
  3.203402178053186E-002
  3.203402178053186E-002
  3.203402178053186E-002
  3.203402178053186E-002
  3.203402178053186E-002
  3.203402178053186E-002
  3.203402178053186E-002
  3.203402178053186E-002
  3.203402178053186E-002
  3.203402178053186E-002
  3.203402178053186E-002
  3.203402178053186E-002
  3.203402178053186E-002
  3.203402178053186E-002
  3.203402178053186E-002
  3.203402178053186E-002
  3.203402178053186E-002
  3.203402178053186E-002
  3.203402178053186E-002
  3.203402178053186E-002
  3.203402178053186E-002
  3.203402178053186E-002
  3.203402178053186E-002
  3.203402178053186E-002
  3.203402178053186E-002
  3.203402178053186E-002
  3.203402178053186E-002
  3.203402178053186E-002
  3.203402178053186E-002
  3.203402178053186E-002
  3.203402178053186E-002
  3.203402178053186E-002
  3.203402178053186E-002
  3.203402178053186E-002
  3.203402178053186E-002
  3.203402178053186E-002
  3.203402178053186E-002
  3.203402178053186E-002
  3.203402178053186E-002
  3.203402178053186E-002
  3.203402178053186E-002
  3.203402178053186E-002
  3.203402178053186E-002
  3.203402178053186E-002
  3.203402178053186E-002
  3.203402178053186E-002
  3.203402178053186E-002
  3.203402178053186E-002
  3.203402178053186E-002
  3.203402178053186E-002
  3.203402178053186E-002
  3.203402178053186E-002
  3.203402178053186E-002
  3.203402178053186E-002
  3.203402178053186E-002
  3.203402178053186E-002
  3.203402178053186E-002
  3.203402178053186E-002
  3.203402178053186E-002
  3.203402178053186E-002
  3.203402178053186E-002
  3.203402178053186E-002
  3.203402178053186E-002
  3.203402178053186E-002
  3.203402178053186E-002
  3.203402178053186E-002
  3.203402178053186E-002
  3.203402178053186E-002
  3.203402178053186E-002
  3.203402178053186E-002
  3.203402178053186E-002
  3.203402178053186E-002
  3.203402178053186E-002
  3.203402178053186E-002
  3.203402178053186E-002
  3.203402178053186E-002
  3.203402178053186E-002
  3.203402178053186E-002
  3.203402178053186E-002
  3.203402178053186E-002
  3.203402178053186E-002
  3.203402178053186E-002
  3.203402178053186E-002
  3.203402178053186E-002
  3.203402178053186E-002
  3.203402178053186E-002
  3.203402178053186E-002
  3.203402178053186E-002
  3.203402178053186E-002
  3.203402178053186E-002
  3.203402178053186E-002
  3.203402178053186E-002
  3.203402178053186E-002
  3.203402178053186E-002
  3.203402178053186E-002
  3.203402178053186E-002
  3.203402178053186E-002
  3.203402178053186E-002
  3.203402178053186E-002
  3.203402178053186E-002
  3.203402178053186E-002
  3.203402178053186E-002
  3.203402178053186E-002
  3.203402178053186E-002
  3.203402178053186E-002
  3.203402178053186E-002
  3.203402178053186E-002
  3.203402178053186E-002
  3.203402178053186E-002
  3.203402178053186E-002
  3.203402178053186E-002
  3.203402178053186E-002
  3.203402178053186E-002
  3.203402178053186E-002
  3.203402178053186E-002
  3.203402178053186E-002
  3.203402178053186E-002
  3.203402178053186E-002
  3.203402178053186E-002
  3.203402178053186E-002
  3.203402178053186E-002
  3.203402178053186E-002
  3.203402178053186E-002
  3.203402178053186E-002
  3.203402178053186E-002
  3.203402178053186E-002
  3.203402178053186E-002
  3.203402178053186E-002
  3.203402178053186E-002
  3.203402178053186E-002
  3.203402178053186E-002
  3.203402178053186E-002
  3.203402178053186E-002
  3.203402178053186E-002
  3.203402178053186E-002
  3.203402178053186E-002
  3.203402178053186E-002
  3.203402178053186E-002
  3.203402178053186E-002
  3.203402178053186E-002
  3.203402178053186E-002
  3.203402178053186E-002
  3.203402178053186E-002
  3.203402178053186E-002
  3.203402178053186E-002
  3.203402178053186E-002
  3.203402178053186E-002
  3.203402178053186E-002
  3.203402178053186E-002
  3.203402178053186E-002
  3.203402178053186E-002
  3.203402178053186E-002
  3.203402178053186E-002
  3.203402178053186E-002
  3.203402178053186E-002
  3.203402178053186E-002
  3.203402178053186E-002
  3.203402178053186E-002
  3.203402178053186E-002
  3.203402178053186E-002
  3.203402178053186E-002
  3.203402178053186E-002
  3.203402178053186E-002
  3.203402178053186E-002
  3.203402178053186E-002
  3.203402178053186E-002
  3.203402178053186E-002
  3.203402178053186E-002
  3.203402178053186E-002
  3.203402178053186E-002
  3.203402178053186E-002
  3.203402178053186E-002
  3.203402178053186E-002
  3.203402178053186E-002
  3.203402178053186E-002
  3.203402178053186E-002
  3.203402178053186E-002
  3.203402178053186E-002
  3.203402178053186E-002
  3.203402178053186E-002
  3.203402178053186E-002
  3.203402178053186E-002
  3.203402178053186E-002
  3.203402178053186E-002
  3.203402178053186E-002
  3.203402178053186E-002
  3.203402178053186E-002
  3.203402178053186E-002
  3.203402178053186E-002
  3.203402178053186E-002
  3.203402178053186E-002
  3.203402178053186E-002
  3.203402178053186E-002
  3.203402178053186E-002
  3.203402178053186E-002
  3.203402178053186E-002
  3.203402178053186E-002
  3.203402178053186E-002
  3.203402178053186E-002
  3.203402178053186E-002
  3.203402178053186E-002
  3.203402178053186E-002
  3.203402178053186E-002
  3.203402178053186E-002
  3.203402178053186E-002
  3.203402178053186E-002
  3.203402178053186E-002
  3.203402178053186E-002
  3.203402178053186E-002
  3.203402178053186E-002
  3.203402178053186E-002
  3.203402178053186E-002
  3.203402178053186E-002
  3.203402178053186E-002
  3.203402178053186E-002
  3.203402178053186E-002
  3.203402178053186E-002
  3.203402178053186E-002
  3.203402178053186E-002
  3.203402178053186E-002
  3.203402178053186E-002
  3.203402178053186E-002
  3.203402178053186E-002
  3.203402178053186E-002
  3.203402178053186E-002
  3.203402178053186E-002
  3.203402178053186E-002
  3.203402178053186E-002
  3.203402178053186E-002
  3.203402178053186E-002
  3.203402178053186E-002
  3.203402178053186E-002
  3.203402178053186E-002
  3.203402178053186E-002
  3.203402178053186E-002
  3.203402178053186E-002
  3.203402178053186E-002
  3.203402178053186E-002
  3.203402178053186E-002
  3.203402178053186E-002
  3.203402178053186E-002
  3.203402178053186E-002
  3.203402178053186E-002
  3.203402178053186E-002
  3.203402178053186E-002
  3.203402178053186E-002
  3.203402178053186E-002
  3.203402178053186E-002
  3.203402178053186E-002
  3.203402178053186E-002
  3.203402178053186E-002
  3.203402178053186E-002
  3.203402178053186E-002
  3.203402178053186E-002
  3.203402178053186E-002
  3.203402178053186E-002
  3.203402178053186E-002
  3.203402178053186E-002
  3.203402178053186E-002
  3.203402178053186E-002
  3.203402178053186E-002
  3.203402178053186E-002
  3.203402178053186E-002
  3.203402178053186E-002
  3.203402178053186E-002
  3.203402178053186E-002
  3.203402178053186E-002
  3.203402178053186E-002
  3.203402178053186E-002
  3.203402178053186E-002
  3.203402178053186E-002
  3.203402178053186E-002
  3.203402178053186E-002
  3.203402178053186E-002
  3.203402178053186E-002
  3.203402178053186E-002
  3.203402178053186E-002
  3.203402178053186E-002
  3.203402178053186E-002
  3.203402178053186E-002
  3.203402178053186E-002
  3.203402178053186E-002
  3.203402178053186E-002
  3.203402178053186E-002
  3.203402178053186E-002
  3.203402178053186E-002
  3.203402178053186E-002
  3.203402178053186E-002
  3.203402178053186E-002
  3.203402178053186E-002
  3.203402178053186E-002
  3.203402178053186E-002
  3.203402178053186E-002
  3.203402178053186E-002
  3.203402178053186E-002
  3.203402178053186E-002
  3.203402178053186E-002
