  0.000000000000000E+000
  9.950145521266932E-008
  3.960232336726587E-007
  8.866173695222116E-007
  1.568370155234178E-006
  2.438401776169499E-006
  3.493865948893423E-006
  4.731949563212455E-006
  6.149872327894408E-006
  7.744886420034290E-006
  9.514276138029169E-006
  1.145535755812549E-005
  1.356547819450271E-005
  1.584201666285745E-005
  1.828238234745283E-005
  2.088401507159774E-005
  2.364438477152154E-005
  2.656099117360969E-005
  2.963136347496639E-005
  3.285306002727033E-005
  3.622366802389057E-005
  3.974080319022925E-005
  4.340210947725846E-005
  4.720525875821917E-005
  5.114795052844997E-005
  5.522791160831393E-005
  5.944289584919232E-005
  6.379068384251407E-005
  6.826908263179008E-005
  7.287592542762221E-005
  7.760907132565658E-005
  8.246640502745136E-005
  8.744583656422957E-005
  9.254530102348776E-005
  9.776275827843131E-005
  1.030961927202081E-004
  1.085436129929119E-004
  1.141030517313269E-004
  1.197725653013874E-004
  1.255502335433224E-004
  1.314341595174605E-004
  1.374224692526660E-004
  1.435133114973813E-004
  1.497048574732476E-004
  1.559953006312788E-004
  1.623828564105623E-004
  1.688657619994609E-004
  1.754422760992909E-004
  1.821106786904508E-004
  1.888692708009756E-004
  1.957163742774929E-004
  2.026503315585555E-004
  2.096695054503267E-004
  2.167722789045950E-004
  2.239570547990927E-004
  2.312222557200978E-004
  2.385663237472935E-004
  2.459877202408637E-004
  2.534849256308010E-004
  2.610564392084057E-004
  2.687007789199528E-004
  2.764164811625046E-004
  2.842021005818482E-004
  2.920562098725355E-004
  2.999773995800044E-004
  3.079642779047606E-004
  3.160154705085975E-004
  3.241296203228364E-004
  3.323053873585622E-004
  3.405414485188394E-004
  3.488364974128830E-004
  3.571892441721689E-004
  3.655984152684609E-004
  3.740627533337370E-004
  3.825810169819932E-004
  3.911519806329090E-004
  3.997744343373527E-004
  4.084471836047086E-004
  4.171690492320088E-004
  4.259388671348492E-004
  4.347554881800734E-004
  4.436177780202054E-004
  4.525246169296130E-004
  4.614748996423848E-004
  4.704675351919046E-004
  4.795014467521035E-004
  4.885755714803727E-004
  4.976888603621237E-004
  5.068402780569741E-004
  5.160288027465462E-004
  5.252534259838598E-004
  5.345131525443034E-004
  5.438070002781692E-004
  5.531339999647337E-004
  5.624931951678692E-004
  5.718836420931711E-004
  5.813044094465840E-004
  5.907545782945132E-004
  6.002332419254046E-004
  6.097395057127797E-004
  6.192724869797095E-004
  6.288313148647132E-004
  6.384151301890668E-004
  6.480230853255078E-004
  6.576543440683213E-004
  6.673080815047937E-004
  6.769834838880189E-004
  6.866797485110449E-004
  6.963960835823460E-004
  7.061317081026073E-004
  7.158858517428083E-004
  7.256577547235905E-004
  7.354466676959004E-004
  7.452518516228889E-004
  7.550725776630593E-004
  7.649081270546476E-004
  7.747577910012254E-004
  7.846208705585097E-004
  7.944966765223702E-004
  8.043845293180207E-004
  8.142837588903808E-004
  8.241937045955997E-004
  8.341137150937260E-004
  8.440431482425148E-004
  8.539813709923590E-004
  8.639277592823337E-004
  8.738816979373423E-004
  8.838425805663532E-004
  8.938098094617140E-004
  9.037827954995365E-004
  9.137609580411366E-004
  9.237437248355214E-004
  9.337305319229121E-004
  9.437208235392900E-004
  9.537140520219601E-004
  9.637096777161150E-004
  9.737071688823955E-004
  9.837060016054328E-004
  9.937056597033650E-004
  1.003705634638316E-003
  1.013705425427829E-003
  1.023704538557242E-003
  1.033702487893002E-003
  1.043698794596891E-003
  1.053692987041189E-003
  1.063684600724715E-003
  1.073673178189791E-003
  1.083658268940068E-003
  1.093639429359252E-003
  1.103616222630683E-003
  1.113588218657781E-003
  1.123554993985340E-003
  1.133516131721669E-003
  1.143471221461558E-003
  1.153419859210078E-003
  1.163361647307191E-003
  1.173296194353170E-003
  1.183223115134821E-003
  1.193142030552496E-003
  1.203052567547880E-003
  1.212954359032568E-003
  1.222847043817402E-003
  1.232730266542561E-003
  1.242603677608418E-003
  1.252466933107119E-003
  1.262319694754926E-003
  1.272161629825259E-003
  1.281992411082479E-003
  1.291811716716380E-003
  1.301619230277382E-003
  1.311414640612422E-003
  1.321197641801552E-003
  1.330967933095200E-003
  1.340725218852120E-003
  1.350469208478015E-003
  1.360199616364814E-003
  1.369916161830615E-003
  1.379618569060266E-003
  1.389306567046607E-003
  1.398979889532327E-003
  1.408638274952468E-003
  1.418281466377545E-003
  1.427909211457279E-003
  1.437521262364949E-003
  1.447117375742343E-003
  1.456697312645307E-003
  1.466260838489886E-003
  1.475807722999051E-003
  1.485337740150006E-003
  1.494850668122066E-003
  1.504346289245105E-003
  1.513824389948564E-003
  1.523284760711015E-003
  1.532727196010277E-003
  1.542151494274070E-003
  1.551557457831217E-003
  1.560944892863372E-003
  1.570313609357275E-003
  1.579663421057535E-003
  1.588994145419924E-003
  1.598305603565184E-003
  1.607597620233340E-003
  1.616870023738516E-003
  1.626122645924238E-003
  1.635355322119238E-003
  1.644567891093739E-003
  1.653760195016213E-003
  1.662932079410626E-003
  1.672083393114146E-003
  1.681213988235317E-003
  1.690323720112692E-003
  1.699412447273929E-003
  1.708480031395327E-003
  1.717526337261813E-003
  1.726551232727376E-003
  1.735554588675928E-003
  1.744536278982604E-003
  1.753496180475487E-003
  1.762434172897756E-003
  1.771350138870257E-003
  1.780243963854480E-003
  1.789115536115958E-003
  1.797964746688059E-003
  1.806791489336191E-003
  1.815595660522395E-003
  1.824377159370340E-003
  1.833135887630699E-003
  1.841871749646914E-003
  1.850584652321344E-003
  1.859274505081789E-003
  1.867941219848380E-003
  1.876584711000849E-003
  1.885204895346160E-003
  1.893801692086497E-003
  1.902375022787616E-003
  1.910924811347548E-003
  1.919450983965652E-003
  1.927953469112017E-003
  1.936432197497203E-003
  1.944887102042325E-003
  1.953318117849468E-003
  1.961725182172441E-003
  1.970108234387853E-003
  1.978467215966522E-003
  1.986802070445192E-003
  1.995112743398588E-003
  2.003399182411765E-003
  2.011661337052790E-003
  2.019899158845711E-003
  2.028112601243850E-003
  2.036301619603384E-003
  2.044466171157238E-003
  2.052606214989256E-003
  2.060721712008685E-003
  2.068812624924931E-003
  2.076878918222614E-003
  2.084920558136897E-003
  2.092937512629101E-003
  2.100929751362597E-003
  2.108897245678969E-003
  2.116839968574452E-003
  2.124757894676639E-003
  2.132651000221451E-003
  2.140519263030368E-003
  2.148362662487930E-003
  2.156181179519488E-003
  2.163974796569206E-003
  2.171743497578325E-003
  2.179487267963669E-003
  2.187206094596400E-003
  2.194899965781022E-003
  2.202568871234612E-003
  2.210212802066310E-003
  2.217831750757030E-003
  2.225425711139409E-003
  2.232994678377992E-003
  2.240538648949641E-003
  2.248057620624171E-003
  2.255551592445212E-003
  2.263020564711293E-003
  2.270464538957139E-003
  2.277883517935200E-003
  2.285277505597376E-003
  2.292646507076965E-003
  2.299990528670823E-003
  2.307309577821727E-003
  2.314603663100942E-003
  2.321872794191000E-003
  2.329116981868669E-003
  2.336336237988132E-003
  2.343530575464356E-003
  2.350700008256658E-003
  2.357844551352463E-003
  2.364964220751257E-003
  2.372059033448722E-003
  2.379129007421063E-003
  2.386174161609516E-003
  2.393194515905043E-003
  2.400190091133203E-003
  2.407160909039205E-003
  2.414106992273140E-003
  2.421028364375379E-003
  2.427925049762155E-003
  2.434797073711309E-003
  2.441644462348210E-003
  2.448467242631838E-003
  2.455265442341039E-003
  2.462039090060934E-003
  2.468788215169503E-003
  2.475512847824319E-003
  2.482213018949446E-003
  2.488888760222492E-003
  2.495540104061822E-003
  2.502167083613914E-003
  2.508769732740879E-003
  2.515348086008124E-003
  2.521902178672168E-003
  2.528432046668599E-003
  2.534937726600186E-003
  2.541419255725126E-003
  2.547876671945436E-003
  2.554310013795489E-003
  2.560719320430688E-003
  2.567104631616273E-003
  2.573465987716273E-003
  2.579803429682586E-003
  2.586116999044191E-003
  2.592406737896503E-003
  2.598672688890843E-003
  2.604914895224051E-003
  2.611133400628217E-003
  2.617328249360543E-003
  2.623499486193329E-003
  2.629647156404081E-003
  2.635771305765745E-003
  2.641871980537057E-003
  2.647949227453017E-003
  2.654003093715475E-003
  2.660033626983844E-003
  2.666040875365917E-003
  2.672024887408807E-003
  2.677985712089997E-003
  2.683923398808503E-003
  2.689837997376141E-003
  2.695729558008919E-003
  2.701598131318517E-003
  2.707443768303892E-003
  2.713266520342978E-003
  2.719066439184495E-003
  2.724843576939860E-003
  2.730597986075201E-003
  2.736329719403473E-003
  2.742038830076675E-003
  2.747725371578158E-003
  2.753389397715047E-003
  2.759030962610744E-003
  2.764650120697533E-003
  2.770246926709284E-003
  2.775821435674247E-003
  2.781373702907930E-003
  2.786903784006087E-003
  2.792411734837784E-003
  2.797897611538555E-003
  2.803361470503649E-003
  2.808803368381367E-003
  2.814223362066482E-003
  2.819621508693746E-003
  2.824997865631482E-003
  2.830352490475259E-003
  2.835685441041653E-003
  2.840996775362081E-003
  2.846286551676731E-003
  2.851554828428558E-003
  2.856801664257367E-003
  2.862027117993969E-003
  2.867231248654424E-003
  2.872414115434346E-003
  2.877575777703302E-003
  2.882716294999265E-003
  2.887835727023159E-003
  2.892934133633471E-003
  2.898011574840931E-003
  2.903068110803267E-003
  2.908103801820034E-003
  2.913118708327510E-003
  2.918112890893656E-003
  2.923086410213159E-003
  2.928039327102522E-003
  2.932971702495241E-003
  2.937883597437038E-003
  2.942775073081155E-003
  2.947646190683726E-003
  2.952497011599200E-003
  2.957327597275833E-003
  2.962138009251245E-003
  2.966928309148032E-003
  2.971698558669447E-003
  2.976448819595131E-003
  2.981179153776916E-003
  2.985889623134676E-003
  2.990580289652245E-003
  2.995251215373383E-003
  2.999902462397814E-003
  3.004534092877303E-003
  3.009146169011797E-003
  3.013738753045627E-003
  3.018311907263752E-003
  3.022865693988068E-003
  3.027400175573760E-003
  3.031915414405718E-003
  3.036411472894992E-003
  3.040888413475313E-003
  3.045346298599651E-003
  3.049785190736828E-003
  3.054205152368189E-003
  3.058606245984311E-003
  3.062988534081760E-003
  3.067352079159908E-003
  3.071696943717788E-003
  3.076023190250988E-003
  3.080330881248616E-003
  3.084620079190283E-003
  3.088890846543151E-003
  3.093143245759014E-003
  3.097377339271429E-003
  3.101593189492892E-003
  3.105790858812050E-003
  3.109970409590959E-003
  3.114131904162393E-003
  3.118275404827176E-003
  3.122400973851573E-003
  3.126508673464715E-003
  3.130598565856058E-003
  3.134670713172891E-003
  3.138725177517880E-003
  3.142762020946650E-003
  3.146781305465403E-003
  3.150783093028583E-003
  3.154767445536564E-003
  3.158734424833389E-003
  3.162684092704537E-003
  3.166616510874732E-003
  3.170531741005777E-003
  3.174429844694438E-003
  3.178310883470353E-003
  3.182174918793977E-003
  3.186022012054564E-003
  3.189852224568176E-003
  3.193665617575735E-003
  3.197462252241102E-003
  3.201242189649181E-003
  3.205005490804079E-003
  3.208752216627263E-003
  3.212482427955782E-003
  3.216196185540495E-003
  3.219893550044344E-003
  3.223574582040652E-003
  3.227239342011449E-003
  3.230887890345833E-003
  3.234520287338353E-003
  3.238136593187428E-003
  3.241736867993787E-003
  3.245321171758946E-003
  3.248889564383701E-003
  3.252442105666660E-003
  3.255978855302794E-003
  3.259499872882020E-003
  3.263005217887803E-003
  3.266494949695795E-003
  3.269969127572488E-003
  3.273427810673905E-003
  3.276871058044300E-003
  3.280298928614897E-003
  3.283711481202651E-003
  3.287108774509023E-003
  3.290490867118793E-003
  3.293857817498884E-003
  3.297209683997222E-003
  3.300546524841604E-003
  3.303868398138607E-003
  3.307175361872498E-003
  3.310467473904183E-003
  3.313744791970175E-003
  3.317007373681574E-003
  3.320255276523081E-003
  3.323488557852022E-003
  3.326707274897405E-003
  3.329911484758979E-003
  3.333101244406338E-003
  3.336276610678023E-003
  3.339437640280652E-003
  3.342584389788076E-003
  3.345716915640543E-003
  3.348835274143888E-003
  3.351939521468740E-003
  3.355029713649744E-003
  3.358105906584813E-003
  3.361168156034380E-003
  3.364216517620683E-003
  3.367251046827061E-003
  3.370271798997271E-003
  3.373278829334812E-003
  3.376272192902284E-003
  3.379251944620746E-003
  3.382218139269096E-003
  3.385170831483480E-003
  3.388110075756690E-003
  3.391035926437610E-003
  3.393948437730649E-003
  3.396847663695209E-003
  3.399733658245156E-003
  3.402606475148318E-003
  3.405466168025984E-003
  3.408312790352429E-003
  3.411146395454449E-003
  3.413967036510905E-003
  3.416774766552292E-003
  3.419569638460315E-003
  3.422351704967480E-003
  3.425121018656695E-003
  3.427877631960891E-003
  3.430621597162655E-003
  3.433352966393867E-003
  3.436071791635362E-003
  3.438778124716597E-003
  3.441472017315334E-003
  3.444153520957332E-003
  3.446822687016055E-003
  3.449479566712388E-003
  3.452124211114368E-003
  3.454756671136924E-003
  3.457376997541631E-003
  3.459985240936474E-003
  3.462581451775623E-003
  3.465165680359217E-003
  3.467737976833164E-003
  3.470298391188948E-003
  3.472846973263446E-003
  3.475383772738757E-003
  3.477908839142041E-003
  3.480422221845370E-003
  3.482923970065580E-003
  3.485414132864147E-003
  3.487892759147065E-003
  3.490359897664727E-003
  3.492815597011830E-003
  3.495259905627276E-003
  3.497692871794089E-003
  3.500114543639344E-003
  3.502524969134091E-003
  3.504924196093310E-003
  3.507312272175848E-003
  3.509689244884389E-003
  3.512055161565416E-003
  3.514410069409189E-003
  3.516754015449728E-003
  3.519087046564806E-003
  3.521409209475948E-003
  3.523720550748437E-003
  3.526021116791335E-003
  3.528310953857496E-003
  3.530590108043608E-003
  3.532858625290221E-003
  3.535116551381796E-003
  3.537363931946755E-003
  3.539600812457543E-003
  3.541827238230687E-003
  3.544043254426877E-003
  3.546248906051037E-003
  3.548444237952416E-003
  3.550629294824678E-003
  3.552804121205999E-003
  3.554968761479174E-003
  3.557123259871728E-003
  3.559267660456028E-003
  3.561402007149415E-003
  3.563526343714322E-003
  3.565640713758416E-003
  3.567745160734734E-003
  3.569839727941833E-003
  3.571924458523935E-003
  3.573999395471089E-003
  3.576064581619332E-003
  3.578120059650853E-003
  3.580165872094167E-003
  3.582202061324296E-003
  3.584228669562944E-003
  3.586245738878692E-003
  3.588253311187184E-003
  3.590251428251327E-003
  3.592240131681491E-003
  3.594219462935717E-003
  3.596189463319923E-003
  3.598150173988126E-003
  3.600101635942652E-003
  3.602043890034370E-003
  3.603976976962909E-003
  3.605900937276902E-003
  3.607815811374208E-003
  3.609721639502162E-003
  3.611618461757816E-003
  3.613506318088184E-003
  3.615385248290498E-003
  3.617255292012459E-003
  3.619116488752497E-003
  3.620968877860033E-003
  3.622812498535743E-003
  3.624647389831835E-003
  3.626473590652307E-003
  3.628291139753239E-003
  3.630100075743057E-003
  3.631900437082830E-003
  3.633692262086540E-003
  3.635475588921383E-003
  3.637250455608053E-003
  3.639016900021041E-003
  3.640774959888926E-003
  3.642524672794680E-003
  3.644266076175973E-003
  3.645999207325468E-003
  3.647724103391140E-003
  3.649440801376583E-003
  3.651149338141320E-003
  3.652849750401122E-003
  3.654542074728328E-003
  3.656226347552160E-003
  3.657902605159049E-003
  3.659570883692962E-003
  3.661231219155724E-003
  3.662883647407353E-003
  3.664528204166390E-003
  3.666164925010230E-003
  3.667793845375462E-003
  3.669415000558201E-003
  3.671028425714437E-003
  3.672634155860367E-003
  3.674232225872742E-003
  3.675822670489215E-003
  3.677405524308685E-003
  3.678980821791644E-003
  3.680548597260534E-003
  3.682108884900091E-003
  3.683661718757705E-003
  3.685207132743772E-003
  3.686745160632051E-003
  3.688275836060025E-003
  3.689799192529254E-003
  3.691315263405744E-003
  3.692824081920302E-003
  3.694325681168906E-003
  3.695820094113068E-003
  3.697307353580196E-003
  3.698787492263967E-003
  3.700260542724692E-003
  3.701726537389689E-003
  3.703185508553648E-003
  3.704637488379011E-003
  3.706082508896337E-003
  3.707520602004682E-003
  3.708951799471970E-003
  3.710376132935369E-003
  3.711793633901669E-003
  3.713204333747660E-003
  3.714608263720508E-003
  3.716005454938136E-003
  3.717395938389604E-003
  3.718779744935488E-003
  3.720156905308264E-003
  3.721527450112686E-003
  3.722891409826173E-003
  3.724248814799192E-003
  3.725599695255634E-003
  3.726944081293213E-003
  3.728282002883837E-003
  3.729613489874001E-003
  3.730938571985172E-003
  3.732257278814175E-003
  3.733569639833578E-003
  3.734875684392082E-003
  3.736175441714908E-003
  3.737468940904183E-003
  3.738756210939333E-003
  3.740037280677466E-003
  3.741312178853764E-003
  3.742580934081873E-003
  3.743843574854292E-003
  3.745100129542758E-003
  3.746350626398645E-003
  3.747595093553346E-003
  3.748833559018666E-003
  3.750066050687214E-003
  3.751292596332789E-003
  3.752513223610776E-003
  3.753727960058533E-003
  3.754936833095781E-003
  3.756139870024998E-003
  3.757337098031807E-003
  3.758528544185367E-003
  3.759714235438762E-003
  3.760894198629396E-003
  3.762068460479381E-003
  3.763237047595925E-003
  3.764399986471725E-003
  3.765557303485358E-003
  3.766709024901667E-003
  3.767855176872155E-003
  3.768995785435371E-003
  3.770130876517302E-003
  3.771260475931765E-003
  3.772384609380787E-003
  3.773503302455003E-003
  3.774616580634040E-003
  3.775724469286904E-003
  3.776826993672372E-003
  3.777924178939377E-003
  3.779016050127395E-003
  3.780102632166834E-003
  3.781183949879419E-003
  3.782260027978576E-003
  3.783330891069827E-003
  3.784396563651162E-003
  3.785457070113434E-003
  3.786512434740742E-003
  3.787562681710812E-003
  3.788607835095383E-003
  3.789647918860592E-003
  3.790682956867351E-003
  3.791712972871739E-003
  3.792737990525375E-003
  3.793758033375800E-003
  3.794773124866866E-003
  3.795783288339109E-003
  3.796788547030130E-003
  3.797788924074976E-003
  3.798784442506516E-003
  3.799775125255824E-003
  3.800760995152551E-003
  3.801742074925306E-003
  3.802718387202030E-003
  3.803689954510374E-003
  3.804656799278071E-003
  3.805618943833314E-003
  3.806576410405129E-003
  3.807529221123747E-003
  3.808477398020974E-003
  3.809420963030572E-003
  3.810359937988621E-003
  3.811294344633892E-003
  3.812224204608222E-003
  3.813149539456875E-003
  3.814070370628915E-003
  3.814986719477578E-003
  3.815898607260628E-003
  3.816806055140737E-003
  3.817709084185837E-003
  3.818607715369493E-003
  3.819501969571270E-003
  3.820391867577085E-003
  3.821277430079581E-003
  3.822158677678484E-003
  3.823035630880961E-003
  3.823908310101988E-003
  3.824776735664703E-003
  3.825640927800764E-003
  3.826500906650715E-003
  3.827356692264334E-003
  3.828208304600993E-003
  3.829055763530016E-003
  3.829899088831029E-003
  3.830738300194317E-003
  3.831573417221176E-003
  3.832404459424262E-003
  3.833231446227950E-003
  3.834054396968676E-003
  3.834873330895291E-003
  3.835688267169411E-003
  3.836499224865759E-003
  3.837306222972522E-003
  3.838109280391684E-003
  3.838908415939383E-003
  3.839703648346250E-003
  3.840494996257749E-003
  3.841282478234531E-003
  3.842066112752761E-003
  3.842845918204470E-003
  3.843621912897893E-003
  3.844394115057802E-003
  3.845162542825849E-003
  3.845927214260906E-003
  3.846688147339393E-003
  3.847445359955622E-003
  3.848198869922125E-003
  3.848948694969990E-003
  3.849694852749198E-003
  3.850437360828943E-003
  3.851176236697975E-003
  3.851911497764925E-003
  3.852643161358634E-003
  3.853371244728477E-003
  3.854095765044697E-003
  3.854816739398729E-003
  3.855534184803521E-003
  3.856248118193863E-003
  3.856958556426706E-003
  3.857665516281490E-003
  3.858369014460461E-003
  3.859069067588989E-003
  3.859765692215896E-003
  3.860458904813767E-003
  3.861148721779269E-003
  3.861835159433469E-003
  3.862518234022148E-003
  3.863197961716119E-003
  3.863874358611535E-003
  3.864547440730207E-003
  3.865217224019914E-003
  3.865883724354712E-003
  3.866546957535245E-003
  3.867206939289055E-003
  3.867863685270889E-003
  3.868517211063004E-003
  3.869167532175477E-003
  3.869814664046508E-003
  3.870458622042719E-003
  3.871099421459467E-003
  3.871737077521137E-003
  3.872371605381448E-003
  3.873003020123752E-003
  3.873631336761333E-003
  3.874256570237703E-003
  3.874878735426903E-003
  3.875497847133797E-003
  3.876113920094367E-003
  3.876726968976007E-003
  3.877337008377818E-003
  3.877944052830900E-003
  3.878548116798639E-003
  3.879149214677004E-003
  3.879747360794832E-003
  3.880342569414117E-003
  3.880934854730299E-003
  3.881524230872548E-003
  3.882110711904051E-003
  3.882694311822296E-003
  3.883275044559356E-003
  3.883852923982170E-003
  3.884427963892829E-003
  3.885000178028848E-003
  3.885569580063454E-003
  3.886136183605862E-003
  3.886700002201550E-003
  3.887261049332538E-003
  3.887819338417665E-003
  3.888374882812861E-003
  3.888927695811421E-003
  3.889477790644280E-003
  3.890025180480283E-003
  3.890569878426458E-003
  3.891111897528282E-003
  3.891651250769952E-003
  3.892187951074656E-003
  3.892722011304835E-003
  3.893253444262453E-003
  3.893782262689257E-003
  3.894308479267049E-003
  3.894832106617942E-003
  3.895353157304624E-003
  3.895871643830622E-003
  3.896387578640561E-003
  3.896900974120419E-003
  3.897411842597794E-003
  3.897920196342156E-003
  3.898426047565102E-003
  3.898929408420613E-003
  3.899430291005313E-003
  3.899928707358718E-003
  3.900424669463486E-003
  3.900918189245678E-003
  3.901409278575000E-003
  3.901897949265057E-003
  3.902384213073604E-003
  3.902868081702786E-003
  3.903349566799395E-003
  3.903828679955110E-003
  3.904305432706744E-003
  3.904779836536488E-003
  3.905251902872155E-003
  3.905721643087422E-003
  3.906189068502071E-003
  3.906654190382232E-003
  3.907117019940618E-003
  3.907577568336769E-003
  3.908035846677288E-003
  3.908491866016074E-003
  3.908945637354567E-003
  3.909397171641973E-003
  3.909846479775503E-003
  3.910293572600609E-003
  3.910738460911214E-003
  3.911181155449940E-003
  3.911621666908344E-003
  3.912060005927144E-003
  3.912496183096452E-003
  3.912930208955995E-003
  3.913362093995350E-003
  3.913791848654164E-003
  3.914219483322382E-003
  3.914645008340472E-003
  3.915068433999644E-003
  3.915489770542082E-003
  3.915909028161154E-003
  3.916326217001644E-003
  3.916741347159960E-003
  3.917154428684363E-003
  3.917565471575184E-003
  3.917974485785034E-003
  3.918381481219030E-003
  3.918786467735003E-003
  3.919189455143718E-003
  3.919590453209083E-003
  3.919989471648370E-003
  3.920386520132419E-003
  3.920781608285849E-003
  3.921174745687276E-003
  3.921565941869516E-003
  3.921955206319798E-003
  3.922342548479970E-003
  3.922727977746705E-003
  3.923111503471705E-003
  3.923493134961918E-003
  3.923872881479727E-003
  3.924250752243162E-003
  3.924626756426105E-003
  3.925000903158486E-003
  3.925373201526488E-003
  3.925743660572746E-003
  3.926112289296550E-003
  3.926479096654036E-003
  3.926844091558393E-003
  3.927207282880054E-003
  3.927568679446891E-003
  3.927928290044423E-003
  3.928286123415991E-003
  3.928642188262969E-003
  3.928996493244947E-003
  3.929349046979929E-003
  3.929699858044521E-003
  3.930048934974124E-003
  3.930396286263120E-003
  3.930741920365068E-003
  3.931085845692884E-003
  3.931428070619037E-003
  3.931768603475730E-003
  3.932107452555083E-003
  3.932444626109330E-003
  3.932780132350987E-003
  3.933113979453054E-003
  3.933446175549186E-003
  3.933776728733873E-003
  3.934105647062629E-003
  3.934432938552171E-003
  3.934758611180593E-003
  3.935082672887552E-003
  3.935405131574447E-003
  3.935725995104587E-003
  3.936045271303375E-003
  3.936362967958487E-003
  3.936679092820040E-003
  3.936993653600768E-003
  3.937306657976202E-003
  3.937618113584835E-003
  3.937928028028300E-003
  3.938236408871535E-003
  3.938543263642963E-003
  3.938848599834656E-003
  3.939152424902504E-003
  3.939454746266386E-003
  3.939755571310338E-003
  3.940054907382719E-003
  3.940352761796380E-003
  3.940649141828822E-003
  3.940944054722373E-003
  3.941237507684339E-003
  3.941529507887185E-003
  3.941820062468676E-003
  3.942109178532061E-003
  3.942396863146214E-003
  3.942683123345815E-003
  3.942967966131494E-003
  3.943251398470000E-003
  3.943533427294353E-003
  3.943814059504011E-003
  3.944093301965015E-003
  3.944371161510156E-003
  3.944647644939128E-003
  3.944922759018685E-003
  3.945196510482789E-003
  3.945468906032767E-003
  3.945739952337469E-003
  3.946009656033420E-003
  3.946278023724966E-003
  3.907011901317103E-003
  3.868136483355221E-003
  3.829647882265128E-003
  3.791542249154643E-003
  3.753815773428697E-003
  3.716464682408281E-003
  3.679485240953166E-003
  3.642873751088390E-003
  3.606626551634457E-003
  3.570740017841217E-003
  3.535210561025383E-003
  3.500034628211667E-003
  3.465208701777473E-003
  3.430729299101138E-003
  3.396592972213658E-003
  3.362796307453901E-003
  3.329335925127224E-003
  3.296208479167514E-003
  3.263410656802565E-003
  3.230939178222812E-003
  3.198790796253336E-003
  3.166962296029150E-003
  3.135450494673708E-003
  3.104252240980614E-003
  3.073364415098500E-003
  3.042783928219038E-003
  3.012507722268056E-003
  2.982532769599729E-003
  2.952856072693812E-003
  2.923474663855882E-003
  2.894385604920572E-003
  2.865585986957747E-003
  2.837072929981612E-003
  2.808843582662707E-003
  2.780895122042776E-003
  2.753224753252466E-003
  2.725829709231842E-003
  2.698707250453669E-003
  2.671854664649469E-003
  2.645269266538285E-003
  2.618948397558149E-003
  2.592889425600231E-003
  2.567089744745619E-003
  2.541546775004728E-003
  2.516257962059297E-003
  2.491220777006957E-003
  2.466432716108340E-003
  2.441891300536700E-003
  2.417594076130026E-003
  2.393538613145631E-003
  2.369722506017170E-003
  2.346143373114084E-003
  2.322798856503432E-003
  2.299686621714101E-003
  2.276804357503351E-003
  2.254149775625692E-003
  2.231720610604058E-003
  2.209514619503255E-003
  2.187529581705668E-003
  2.165763298689197E-003
  2.144213593807402E-003
  2.122878312071835E-003
  2.101755319936545E-003
  2.080842505084714E-003
  2.060137776217431E-003
  2.039639062844555E-003
  2.019344315077666E-003
  1.999251503425075E-003
  1.979358618588873E-003
  1.959663671263999E-003
  1.940164691939308E-003
  1.920859730700619E-003
  1.901746857035719E-003
  1.882824159641315E-003
  1.864089746231898E-003
  1.845541743350516E-003
  1.827178296181423E-003
  1.808997568364601E-003
  1.790997741812116E-003
  1.773177016526314E-003
  1.755533610419815E-003
  1.738065759137305E-003
  1.720771715879100E-003
  1.703649751226463E-003
  1.686698152968659E-003
  1.669915225931737E-003
  1.653299291809008E-003
  1.636848688993211E-003
  1.620561772410357E-003
  1.604436913355215E-003
  1.588472499328442E-003
  1.572666933875332E-003
  1.557018636426168E-003
  1.541526042138165E-003
  1.526187601738983E-003
  1.511001781371800E-003
  1.495967062441927E-003
  1.481081941464938E-003
  1.466344929916333E-003
  1.451754554082677E-003
  1.437309354914227E-003
  1.423007887879029E-003
  1.408848722818461E-003
  1.394830443804218E-003
  1.380951648996716E-003
  1.367210950504910E-003
  1.353606974247499E-003
  1.340138359815521E-003
  1.326803760336309E-003
  1.313601842338802E-003
  1.300531285620200E-003
  1.287590783113938E-003
  1.274779040758982E-003
  1.262094777370420E-003
  1.249536724511344E-003
  1.237103626366000E-003
  1.224794239614216E-003
  1.212607333307057E-003
  1.200541688743736E-003
  1.188596099349743E-003
  1.176769370556185E-003
  1.165060319680325E-003
  1.153467775807318E-003
  1.141990579673118E-003
  1.130627583548545E-003
  1.119377651124519E-003
  1.108239657398422E-003
  1.097212488561600E-003
  1.086295041887980E-003
  1.075486225623797E-003
  1.064784958878416E-003
  1.054190171516246E-003
  1.043700804049721E-003
  1.033315807533353E-003
  1.023034143458837E-003
  1.012854783651197E-003
  1.002776710165970E-003
  9.927989151874081E-004
  9.829204009276990E-004
  9.731401795271849E-004
  9.634572729555755E-004
  9.538707129141442E-004
  9.443795407388982E-004
  9.349828073047107E-004
  9.256795729304078E-004
  9.164689072847991E-004
  9.073498892936447E-004
  8.983216070475460E-004
  8.893831577107548E-004
  8.805336474308890E-004
  8.717721912495460E-004
  8.630979130138059E-004
  8.545099452886171E-004
  8.460074292700502E-004
  8.375895146994182E-004
  8.292553597782486E-004
  8.210041310841045E-004
  8.128350034872404E-004
  8.047471600680887E-004
  7.967397920355682E-004
  7.888120986462023E-004
  7.809632871240458E-004
  7.731925725814059E-004
  7.654991779403526E-004
  7.578823338550106E-004
  7.503412786346240E-004
  7.428752581673865E-004
  7.354835258450296E-004
  7.281653424881615E-004
  7.209199762723482E-004
  7.137467026549299E-004
  7.066448043025672E-004
  6.996135710195067E-004
  6.926522996765607E-004
  6.857602941407937E-004
  6.789368652059090E-004
  6.721813305233266E-004
  6.654930145339490E-004
  6.588712484006034E-004
  6.523153699411583E-004
  6.458247235623045E-004
  6.393986601939954E-004
  6.330365372245392E-004
  6.267377184363367E-004
  6.205015739422606E-004
  6.143274801226644E-004
  6.082148195630210E-004
  6.021629809921807E-004
  5.961713592212432E-004
  5.902393550830382E-004
  5.843663753722086E-004
  5.785518327858893E-004
  5.727951458649762E-004
  5.670957389359798E-004
  5.614530420534576E-004
  5.558664909430194E-004
  5.503355269448986E-004
  5.448595969580860E-004
  5.394381533850200E-004
  5.340706540768251E-004
  5.287565622790979E-004
  5.234953465782298E-004
  5.182864808482665E-004
  5.131294441982945E-004
  5.080237209203509E-004
  5.029688004378535E-004
  4.979641772545414E-004
  4.930093509039259E-004
  4.881038258992427E-004
  4.832471116839034E-004
  4.784387225824392E-004
  4.736781777519331E-004
  4.689650011339346E-004
  4.642987214068546E-004
  4.596788719388318E-004
  4.551049907410693E-004
  4.505766204216358E-004
  4.460933081397259E-004
  4.416546055603750E-004
  4.372600688096266E-004
  4.329092584301434E-004
  4.286017393372615E-004
  4.243370807754822E-004
  4.201148562753953E-004
  4.159346436110325E-004
  4.117960247576437E-004
  4.076985858498948E-004
  4.036419171404804E-004
  3.996256129591490E-004
  3.956492716721356E-004
  3.917124956419978E-004
  3.878148911878519E-004
  3.839560685460045E-004
  3.801356418309758E-004
  3.763532289969106E-004
  3.726084517993734E-004
  3.689009357575238E-004
  3.652303101166681E-004
  3.615962078111833E-004
  3.579982654278104E-004
  3.544361231693128E-004
  3.509094248184962E-004
  3.474178177025865E-004
  3.439609526579625E-004
  3.405384839952391E-004
  3.371500694646978E-004
  3.337953702220620E-004
  3.304740507946117E-004
  3.271857790476366E-004
  3.239302261512216E-004
  3.207070665473642E-004
  3.175159779174179E-004
  3.143566411498606E-004
  3.112287403083827E-004
  3.081319626002933E-004
  3.050659983452412E-004
  3.020305409442459E-004
  2.990252868490375E-004
  2.960499355317025E-004
  2.931041894546293E-004
  2.901877540407555E-004
  2.873003376441095E-004
  2.844416515206454E-004
  2.816114097993685E-004
  2.788093294537482E-004
  2.760351302734149E-004
  2.732885348361388E-004
  2.705692684800870E-004
  2.678770592763582E-004
  2.652116380017883E-004
  2.625727381120288E-004
  2.599600957148915E-004
  2.573734495439596E-004
  2.548125409324604E-004
  2.522771137873986E-004
  2.497669145639471E-004
  2.472816922400914E-004
  2.448211982915283E-004
  2.423851866668123E-004
  2.399734137627512E-004
  2.375856384000445E-004
  2.352216217991664E-004
  2.328811275564865E-004
  2.305639216206303E-004
  2.282697722690732E-004
  2.259984500849683E-004
  2.237497279342042E-004
  2.215233809426921E-004
  2.193191864738774E-004
  2.171369241064764E-004
  2.149763756124340E-004
  2.128373249351001E-004
  2.107195581676245E-004
  2.086228635315657E-004
  2.065470313557128E-004
  2.044918540551184E-004
  2.024571261103396E-004
  2.004426440468866E-004
  1.984482064148742E-004
  1.964736137688770E-004
  1.945186686479851E-004
  1.925831755560572E-004
  1.906669409421713E-004
  1.887697731812690E-004
  1.868914825549933E-004
  1.850318812327164E-004
  1.831907832527562E-004
  1.813680045037807E-004
  1.795633627063958E-004
  1.777766773949180E-004
  1.760077698993273E-004
  1.742564633273999E-004
  1.725225825470193E-004
  1.708059541686625E-004
  1.691064065280612E-004
  1.674237696690350E-004
  1.657578753264958E-004
  1.641085569096211E-004
  1.624756494851947E-004
  1.608589897611135E-004
  1.592584160700579E-004
  1.576737683533249E-004
  1.561048881448223E-004
  1.545516185552219E-004
  1.530138042562703E-004
  1.514912914652561E-004
  1.499839279296314E-004
  1.484915629117865E-004
  1.470140471739760E-004
  1.455512329633949E-004
  1.441029739974031E-004
  1.426691254488971E-004
  1.412495439318272E-004
  1.398440874868586E-004
  1.384526155671757E-004
  1.370749890244270E-004
  1.357110700948101E-004
  1.343607223852954E-004
  1.330238108599868E-004
  1.317002018266177E-004
  1.303897629231815E-004
  1.290923631046961E-004
  1.278078726300983E-004
  1.265361630492703E-004
  1.252771071901942E-004
  1.240305791462349E-004
  1.227964542635494E-004
  1.215746091286207E-004
  1.203649215559173E-004
  1.191672705756738E-004
  1.179815364217942E-004
  1.168076005198748E-004
  1.156453454753473E-004
  1.144946550617387E-004
  1.133554142090487E-004
  1.122275089922426E-004
  1.111108266198588E-004
  1.100052554227297E-004
  1.089106848428139E-004
  1.078270054221416E-004
  1.067541087918675E-004
  1.056918876614346E-004
  1.046402358078445E-004
  1.035990480650356E-004
  1.025682203133660E-004
  1.015476494692013E-004
  1.005372334746068E-004
  9.953687128714096E-005
  9.854646286975143E-005
  9.756590918077107E-005
  9.659511216401385E-005
  9.563397473896914E-005
  9.468240079109348E-005
  9.374029516219912E-005
  9.280756364093806E-005
  9.188411295338086E-005
  9.096985075368926E-005
  9.006468561488138E-005
  8.916852701968906E-005
  8.828128535150596E-005
  8.740287188542591E-005
  8.653319877937026E-005
  8.567217906530371E-005
  8.481972664053735E-005
  8.397575625911827E-005
  8.314018352330507E-005
  8.231292487512780E-005
  8.149389758803230E-005
  8.068301975860732E-005
  7.988021029839418E-005
  7.908538892577789E-005
  7.829847615795881E-005
  7.751939330300438E-005
  7.674806245197986E-005
  7.598440647115742E-005
  7.522834899430257E-005
  7.447981441503754E-005
  7.373872787928066E-005
  7.300501527776078E-005
  7.227860323860634E-005
  7.155941912000802E-005
  7.084739100295467E-005
  7.014244768404124E-005
  6.944451866834838E-005
  6.875353416239292E-005
  6.806942506714845E-005
  6.739212297113530E-005
  6.672156014357948E-005
  6.605766952763945E-005
  6.540038473370033E-005
  6.474964003273502E-005
  6.410537034973112E-005
  6.346751125718349E-005
  6.283599896865127E-005
  6.221077033237932E-005
  6.159176282498304E-005
  6.097891454519584E-005
  6.037216420767903E-005
  5.977145113689323E-005
  5.917671526103077E-005
  5.858789710600842E-005
  5.800493778952004E-005
  5.742777901514816E-005
  5.685636306653437E-005
  5.629063280160764E-005
  5.573053164687002E-005
  5.517600359173930E-005
  5.462699318294784E-005
  5.408344551899727E-005
  5.354530624466823E-005
  5.301252154558484E-005
  5.248503814283321E-005
  5.196280328763348E-005
  5.144576475606495E-005
  5.093387084384357E-005
  5.042707036115157E-005
  4.992531262751833E-005
  4.942854746675234E-005
  4.893672520192358E-005
  4.844979665039569E-005
  4.796771311890777E-005
  4.749042639870491E-005
  4.701788876071736E-005
  4.655005295078753E-005
  4.608687218494457E-005
  4.562830014472593E-005
  4.517429097254541E-005
  4.472479926710746E-005
  4.427978007886697E-005
  4.383918890553426E-005
  4.340298168762484E-005
  4.297111480405341E-005
  4.254354506777172E-005
  4.212022972144982E-005
  4.170112643320035E-005
  4.128619329234520E-005
  4.087538880522452E-005
  4.046867189104727E-005
  4.006600187778306E-005
  3.966733849809506E-005
  3.927264188531304E-005
  3.888187256944683E-005
  3.849499147323920E-005
  3.811195990825809E-005
  3.773273957102786E-005
  3.735729253919874E-005
  3.698558126775468E-005
  3.661756858525878E-005
  3.625321769013611E-005
  3.589249214699354E-005
  3.553535588297612E-005
  3.518177318415988E-005
  3.483170869198025E-005
  3.448512739969629E-005
  3.414199464888999E-005
  3.380227612600028E-005
  3.346593785889180E-005
  3.313294621345755E-005
  3.280326789025549E-005
  3.247686992117858E-005
  3.215371966615789E-005
  3.183378480989863E-005
  3.151703335864858E-005
  3.120343363699864E-005
  3.089295428471532E-005
  3.058556425360465E-005
  3.028123280440737E-005
  2.997992950372494E-005
  2.968162422097621E-005
  2.938628712538431E-005
  2.909388868299358E-005
  2.880439965371610E-005
  2.851779108840771E-005
  2.823403432597304E-005
  2.795310099049938E-005
  2.767496298841907E-005
  2.739959250570011E-005
  2.712696200506476E-005
  2.685704422323577E-005
  2.658981216821002E-005
  2.632523911655931E-005
  2.606329861075801E-005
  2.580396445653723E-005
  2.554721072026547E-005
  2.529301172635511E-005
  2.504134205469494E-005
  2.479217653810808E-005
  2.454549025983521E-005
  2.430125855104295E-005
  2.405945698835689E-005
  2.382006139141924E-005
  2.358304782047083E-005
  2.334839257395705E-005
  2.311607218615770E-005
  2.288606342484040E-005
  2.265834328893733E-005
  2.243288900624515E-005
  2.220967803114771E-005
  2.198868804236149E-005
  2.176989694070344E-005
  2.155328284688109E-005
  2.133882409930454E-005
  2.112649925192030E-005
  2.091628707206671E-005
  2.070816653835061E-005
  2.050211683854518E-005
  2.029811736750874E-005
  2.009614772512419E-005
  1.989618771425896E-005
  1.969821733874535E-005
  1.950221680138083E-005
  1.930816650194834E-005
  1.911604703525621E-005
  1.892583918919767E-005
  1.873752394282963E-005
  1.855108246447050E-005
  1.836649610981708E-005
  1.818374642008009E-005
  1.800281512013827E-005
  1.782368411671083E-005
  1.764633549654817E-005
  1.747075152464047E-005
  1.729691464244422E-005
  1.712480746612635E-005
  1.695441278482579E-005
  1.678571355893242E-005
  1.661869291838307E-005
  1.645333416097450E-005
  1.628962075069317E-005
  1.612753631606161E-005
  1.596706464850130E-005
  1.580818970071176E-005
  1.565089558506581E-005
  1.549516657202081E-005
  1.534098708854567E-005
  1.518834171656357E-005
  1.503721519141010E-005
  1.488759240030682E-005
  1.473945838084991E-005
  1.459279831951400E-005
  1.444759755017073E-005
  1.430384155262216E-005
  1.416151595114876E-005
  1.402060651307175E-005
  1.388109914732991E-005
  1.374297990307042E-005
  1.360623496825373E-005
  1.347085066827243E-005
  1.333681346458368E-005
  1.320410995335544E-005
  1.307272686412597E-005
  1.294265105847688E-005
  1.281386952871920E-005
  1.268636939659264E-005
  1.256013791197773E-005
  1.243516245162083E-005
  1.231143051787174E-005
  1.218892973743399E-005
  1.206764786012744E-005
  1.194757275766330E-005
  1.182869242243126E-005
  1.171099496629873E-005
  1.159446861942201E-005
  1.147910172906930E-005
  1.136488275845545E-005
  1.125180028558819E-005
  1.113984300212601E-005
  1.102899971224727E-005
  1.091925933153060E-005
  1.081061088584649E-005
  1.070304351025982E-005
  1.059654644794340E-005
  1.049110904910225E-005
  1.038672076990862E-005
  1.028337117144759E-005
  1.018104991867321E-005
  1.007974677937492E-005
  9.979451623154373E-006
  9.880154420412370E-006
  9.781845241345887E-006
  9.684514254955093E-006
  9.588151728060241E-006
  9.492748024328336E-006
  9.398293603309503E-006
  9.304779019482930E-006
  9.212194921312304E-006
  9.120532050310653E-006
  9.029781240114492E-006
  8.939933415567177E-006
  8.850979591811378E-006
  8.762910873390593E-006
  8.675718453359586E-006
  8.589393612403695E-006
  8.503927717966887E-006
  8.419312223388498E-006
  8.335538667048557E-006
  8.252598671521619E-006
  8.170483942739011E-006
  8.089186269159427E-006
  8.008697520947763E-006
  7.929009649162122E-006
  7.850114684948917E-006
  7.772004738745984E-006
  7.694671999493609E-006
  7.618108733853426E-006
  7.542307285435063E-006
  7.467260074030514E-006
  7.392959594856095E-006
  7.319398417801978E-006
  7.246569186689150E-006
  7.174464618533814E-006
  7.103077502819061E-006
  7.032400700773835E-006
  6.962427144659032E-006
  6.893149837060731E-006
  6.824561850190439E-006
  6.756656325192314E-006
  6.689426471457265E-006
  6.622865565943895E-006
  6.556966952506188E-006
  6.491724041227880E-006
  6.427130307763475E-006
  6.363179292685801E-006
  6.299864600840056E-006
  6.237179900704292E-006
  6.175118923756261E-006
  6.113675463846548E-006
  6.052843376577960E-006
  5.992616578691074E-006
  5.932989047455915E-006
  5.873954820069670E-006
  5.815507993060406E-006
  5.757642721696714E-006
  5.700353219403238E-006
  5.643633757182005E-006
  5.587478663039529E-006
  5.531882321419599E-006
  5.476839172641722E-006
  5.422343712345151E-006
  5.368390490938446E-006
  5.314974113054500E-006
  5.262089237011015E-006
  5.209730574276315E-006
  5.157892888940492E-006
  5.106570997191817E-006
  5.055759766798347E-006
  5.005454116594697E-006
  4.955649015973927E-006
  4.906339484384471E-006
  4.857520590832079E-006
  4.809187453386711E-006
  4.761335238694347E-006
  4.713959161493639E-006
  4.667054484137388E-006
  4.620616516118771E-006
  4.574640613602288E-006
  4.529122178959374E-006
  4.484056660308632E-006
  4.439439551060644E-006
  4.395266389467301E-006
  4.351532758175635E-006
  4.308234283786072E-006
  4.265366636415091E-006
  4.222925529262231E-006
  4.180906718181407E-006
  4.139306001256498E-006
  4.098119218381144E-006
  4.057342250842735E-006
  4.016971020910537E-006
  3.977001491427912E-006
  3.937429665408603E-006
  3.898251585637034E-006
  3.859463334272576E-006
  3.821061032457775E-006
  3.783040839930442E-006
  3.745398954639643E-006
  3.708131612365480E-006
  3.671235086342671E-006
  3.634705686887864E-006
  3.598539761030674E-006
  3.562733692148376E-006
  3.527283899604244E-006
  3.492186838389482E-006
  3.457438998768720E-006
  3.423036905929040E-006
  3.388977119632490E-006
  3.355256233872056E-006
  3.321870876531063E-006
  3.288817709045954E-006
  3.256093426072437E-006
  3.223694755154944E-006
  3.191618456399385E-006
  3.159861322149152E-006
  3.128420176664359E-006
  3.097291875804253E-006
  3.066473306712810E-006
  3.035961387507437E-006
  3.005753066970789E-006
  2.975845324245637E-006
  2.946235168532786E-006
  2.916919638791990E-006
  2.887895803445843E-006
  2.859160760086627E-006
  2.830711635186058E-006
  2.802545583807940E-006
  2.774659789323661E-006
  2.747051463130536E-006
  2.719717844372938E-006
  2.692656199666214E-006
  2.665863822823341E-006
  2.639338034584309E-006
  2.613076182348188E-006
  2.587075639907869E-006
  2.561333807187443E-006
  2.535848109982183E-006
  2.510615999701134E-006
  2.485634953112239E-006
  2.460902472090022E-006
  2.436416083365771E-006
  2.412173338280207E-006
  2.388171812538620E-006
  2.364409105968433E-006
  2.340882842279189E-006
  2.317590668824912E-006
  2.294530256368848E-006
  2.271699298850532E-006
  2.249095513155189E-006
  2.226716638885411E-006
  2.204560438135124E-006
  2.182624695265787E-006
  2.160907216684833E-006
  2.139405830626308E-006
  2.118118386933689E-006
  2.097042756844864E-006
  2.076176832779263E-006
  2.055518528127091E-006
  2.035065777040667E-006
  2.014816534227840E-006
  1.994768774747453E-006
  1.974920493806851E-006
  1.955269706561400E-006
  1.935814447916000E-006
  1.916552772328574E-006
  1.897482753615510E-006
  1.878602484759048E-006
  1.859910077716567E-006
  1.841403663231786E-006
  1.823081390647834E-006
  1.804941427722184E-006
  1.786981960443428E-006
  1.769201192849871E-006
  1.751597346849936E-006
  1.734168662044353E-006
  1.716913395550119E-006
  1.699829821826204E-006
  1.682916232500999E-006
  1.666170936201478E-006
  1.649592258384055E-006
  1.633178541167134E-006
  1.616928143165314E-006
  1.600839439325254E-006
  1.584910820763162E-006
  1.569140694603907E-006
  1.553527483821734E-006
  1.538069627082552E-006
  1.522765578587805E-006
  1.507613807919891E-006
  1.492612799889116E-006
  1.477761054382177E-006
  1.463057086212146E-006
  1.448499424969953E-006
  1.434086614877343E-006
  1.419817214641295E-006
  1.405689797309894E-006
  1.391702950129635E-006
  1.377855274404144E-006
  1.364145385354309E-006
  1.350571911979798E-006
  1.337133496921966E-006
  1.323828796328105E-006
  1.310656479717070E-006
  1.297615229846224E-006
  1.284703742579709E-006
  1.271920726758042E-006
  1.259264904068986E-006
  1.246735008919727E-006
  1.234329788310307E-006
  1.222048001708330E-006
  1.209888420924898E-006
  1.197849829991801E-006
  1.185931025039914E-006
  1.174130814178809E-006
  1.162448017377566E-006
  1.150881466346769E-006
  1.139430004421677E-006
  1.128092486446554E-006
  1.116867778660155E-006
  1.105754758582347E-006
  1.094752314901861E-006
  1.083859347365161E-006
  1.073074766666416E-006
  1.062397494338568E-006
  1.051826462645487E-006
  1.041360614475194E-006
  1.030998903234151E-006
  1.020740292742599E-006
  1.010583757130940E-006
  1.000528280737150E-006
  9.905728580052079E-007
  9.807164933845460E-007
  9.709582012304876E-007
  9.612970057056859E-007
  9.517319406825370E-007
  9.422620496465680E-007
  9.328863856007838E-007
  9.236040109709664E-007
  9.144139975119180E-007
  9.053154262146339E-007
  8.963073872144025E-007
  8.873889796998166E-007
  8.785593118226933E-007
  8.698175006088865E-007
  8.611626718699899E-007
  8.525939601159173E-007
  8.441105084683528E-007
  8.357114685750622E-007
  8.273960005250566E-007
  8.191632727646016E-007
  8.110124620140608E-007
  8.029427531855664E-007
  7.949533393015110E-007
  7.870434214138480E-007
  7.792122085241975E-007
  7.714589175047442E-007
  7.637827730199250E-007
  7.561830074488950E-007
  7.486588608087637E-007
  7.412095806785968E-007
  7.338344221241737E-007
  7.265326476234928E-007
  7.193035269930195E-007
  7.121463373146665E-007
  7.050603628635014E-007
  6.980448950361742E-007
  6.910992322800557E-007
  6.842226800230827E-007
  6.774145506042988E-007
  6.706741632050885E-007
  6.640008437810950E-007
  6.573939249948148E-007
  6.508527461488635E-007
  6.443766531199054E-007
  6.379649982932412E-007
  6.316171404980447E-007
  6.253324449432469E-007
  6.191102831540548E-007
  6.129500329091045E-007
  6.068510781782378E-007
  6.008128090608991E-007
  5.948346217251449E-007
  5.889159183472598E-007
  5.830561070519737E-007
  5.772546018532739E-007
  5.715108225958060E-007
  5.658241948968575E-007
  5.601941500889198E-007
  5.546201251628207E-007
  5.491015627114221E-007
  5.436379108738803E-007
  5.382286232804585E-007
  5.328731589978895E-007
  5.275709824752822E-007
  5.223215634905656E-007
  5.171243770974672E-007
  5.119789035730164E-007
  5.068846283655728E-007
  5.018410420433704E-007
  4.968476402435742E-007
  4.919039236218427E-007
  4.870093978023944E-007
  4.821635733285681E-007
  4.773659656138787E-007
  4.726160948935564E-007
  4.679134861765711E-007
  4.632576691981320E-007
  4.586481783726617E-007
  4.540845527472363E-007
  4.495663359554902E-007
  4.450930761719789E-007
  4.406643260669966E-007
  4.362796427618419E-007
  4.319385877845306E-007
  4.276407270259472E-007
  4.233856306964346E-007
  4.191728732828136E-007
  4.150020335058323E-007
  4.108726942780374E-007
  4.067844426620648E-007
  4.027368698293464E-007
  3.987295710192254E-007
  3.947621454984818E-007
  3.908341965212572E-007
  3.869453312893807E-007
  3.830951609130882E-007
  3.792833003721335E-007
  3.755093684772862E-007
  3.717729878322118E-007
  3.680737847957320E-007
  3.644113894444606E-007
  3.607854355358104E-007
  3.571955604713689E-007
  3.536414052606381E-007
  3.501226144851352E-007
  3.466388362628503E-007
  3.431897222130579E-007
  3.397749274214790E-007
  3.363941104057885E-007
  3.330469330814676E-007
  3.297330607279947E-007
  3.264521619553725E-007
  3.232039086709899E-007
  3.199879760468116E-007
  3.168040424868951E-007
  3.136517895952313E-007
  3.105309021439041E-007
  3.074410680415674E-007
  3.043819783022363E-007
  3.013533270143877E-007
  2.983548113103688E-007
  2.953861313361105E-007
  2.924469902211414E-007
  2.895370940489008E-007
  2.866561518273465E-007
  2.838038754598556E-007
  2.809799797164144E-007
  2.781841822050952E-007
  2.754162033438172E-007
  2.726757663323876E-007
  2.699625971248214E-007
  2.672764244019371E-007
  2.646169795442238E-007
  2.619839966049795E-007
  2.593772122837162E-007
  2.567963658998292E-007
  2.542411993665298E-007
  2.517114571650351E-007
  2.492068863190168E-007
  2.467272363693033E-007
  2.442722593488332E-007
  2.418417097578586E-007
  2.394353445393949E-007
  2.370529230549151E-007
  2.346942070602853E-007
  2.323589606819404E-007
  2.300469503932966E-007
  2.277579449913984E-007
  2.254917155737979E-007
  2.232480355156649E-007
  2.210266804471240E-007
  2.188274282308170E-007
  2.166500589396897E-007
  2.144943548349985E-007
  2.123601003445365E-007
  2.102470820410760E-007
  2.081550886210259E-007
  2.060839108833008E-007
  2.040333417084010E-007
  2.020031760377002E-007
  1.999932108529394E-007
  1.980032451559253E-007
  1.960330799484299E-007
  1.940825182122905E-007
  1.921513648897082E-007
  1.902394268637412E-007
  1.883465129389939E-007
  1.864724338224962E-007
  1.846170021047747E-007
  1.827800322411116E-007
  1.809613405329896E-007
  1.791607451097223E-007
  1.773780659102669E-007
  1.756131246652179E-007
  1.738657448789800E-007
  1.721357518121184E-007
  1.704229724638848E-007
  1.687272355549170E-007
  1.670483715101110E-007
  1.653862124416633E-007
  1.637405921322820E-007
  1.621113460185646E-007
  1.604983111745421E-007
  1.589013262953860E-007
  1.573202316812774E-007
  1.557548692214374E-007
  1.542050823783156E-007
  1.526707161719361E-007
  1.511516171643997E-007
  1.496476334445397E-007
  1.481586146127307E-007
  1.466844117658488E-007
  1.452248774823807E-007
  1.437798658076818E-007
  1.423492322393805E-007
  1.409328337129277E-007
  1.395305285872905E-007
  1.381421766307877E-007
  1.367676390070668E-007
  1.354067782612198E-007
  1.340594583060381E-007
  1.327255444084035E-007
  1.314049031758146E-007
  1.300974025430476E-007
  1.288029117589496E-007
  1.275213013733634E-007
  1.262524432241826E-007
  1.249962104245348E-007
  1.237524773500932E-007
  1.225211196265139E-007
  1.213020141169983E-007
  1.200950389099797E-007
  1.189000733069315E-007
  1.177169978102976E-007
  1.165456941115424E-007
  1.153860450793200E-007
  1.142379347477608E-007
  1.131012483048748E-007
  1.119758720810705E-007
  1.108616935377878E-007
  1.097586012562437E-007
  1.086664849262910E-007
  1.075852353353865E-007
  1.065147443576701E-007
  1.054549049431520E-007
  1.044056111070074E-007
  1.033667579189784E-007
  1.023382414928804E-007
  1.013199589762137E-007
  1.003118085398782E-007
  9.931368936798997E-008
  9.832550164780012E-008
  9.734714655971314E-008
  9.637852626740492E-008
  9.541954390803908E-008
  9.447010358258049E-008
  9.353011034620540E-008
  9.259947019880682E-008
  9.167809007559454E-008
  9.076587783778839E-008
  8.986274226340440E-008
  8.896859303813248E-008
  8.808334074630504E-008
  8.720689686195519E-008
  8.633917373996409E-008
  8.548008460729644E-008
  8.462954355432309E-008
  8.378746552622991E-008
  8.295376631451240E-008
  8.212836254855463E-008
  8.131117168729216E-008
  8.050211201095788E-008
  7.970110261290992E-008
  7.890806339154099E-008
  7.812291504226804E-008
  7.734557904960190E-008
  7.657597767929551E-008
  7.581403397057049E-008
  7.505967172842100E-008
  7.431281551599421E-008
  7.357339064704651E-008
  7.284132317847478E-008
  7.211653990292216E-008
  7.139896834145707E-008
  7.068853673632537E-008
  6.998517404377457E-008
  6.928880992694921E-008
  6.859937474885737E-008
  6.791679956540667E-008
  6.724101611850996E-008
  6.657195682925938E-008
  6.590955479116850E-008
  6.525374376348146E-008
  6.460445816454901E-008
  6.396163306527018E-008
  6.332520418259934E-008
  6.269510787311787E-008
  6.207128112666975E-008
  6.145366156006048E-008
  6.084218741081870E-008
  6.023679753101994E-008
  5.963743138117170E-008
  5.904402902415957E-008
  5.845653111925330E-008
  5.787487891617283E-008
  5.729901424921314E-008
  5.672887953142764E-008
  5.616441774886946E-008
  5.560557245488994E-008
  5.505228776449398E-008
  5.450450834875148E-008
  5.396217942926435E-008
  5.342524677268874E-008
  5.289365668531154E-008
  5.236735600768100E-008
  5.184629210929078E-008
  5.133041288331683E-008
  5.081966674140664E-008
  5.031400260852040E-008
  4.981336991782343E-008
  4.931771860562949E-008
  4.882699910639428E-008
  4.834116234775897E-008
  4.786015974564281E-008
  4.738394319938476E-008
  4.691246508693336E-008
  4.644567826008445E-008
  4.598353603976636E-008
  4.552599221137195E-008
  4.507300102013708E-008
  4.462451716656514E-008
  4.418049580189703E-008
  4.374089252362625E-008
  4.330566337105867E-008
  4.287476482091632E-008
  4.244815378298510E-008
  4.202578759580571E-008
  4.160762402240747E-008
  4.119362124608456E-008
  4.078373786621435E-008
  4.037793289411728E-008
  3.997616574895796E-008
  3.957839625368708E-008
  3.918458463102364E-008
  3.879469149947719E-008
  3.840867786940965E-008
  3.802650513913637E-008
  3.764813509106582E-008
  3.727352988787787E-008
  3.690265206874006E-008
  3.653546454556139E-008
  3.617193059928357E-008
  3.581201387620901E-008
  3.545567838436549E-008
  3.510288848990687E-008
  3.475360891354970E-008
  3.440780472704529E-008
  3.406544134968680E-008
  3.372648454485121E-008
  3.339090041657558E-008
  3.305865540616740E-008
  3.272971628884878E-008
  3.240405017043387E-008
  3.208162448403943E-008
  3.176240698682814E-008
  3.144636575678426E-008
  3.113346918952142E-008
  3.082368599512214E-008
  3.051698519500884E-008
  3.021333611884590E-008
  2.991270840147268E-008
  2.961507197986692E-008
  2.932039709013843E-008
  2.902865426455266E-008
  2.873981432858394E-008
  2.845384839799798E-008
  2.817072787596341E-008
  2.789042445019209E-008
  2.761291009010785E-008
  2.733815704404343E-008
  2.706613783646526E-008
  2.679682526522590E-008
  2.653019239884380E-008
  2.626621257381012E-008
  2.600485939192237E-008
  2.574610671764458E-008
  2.548992867549369E-008
  2.523629964745199E-008
  2.498519427040534E-008
  2.473658743360677E-008
  2.449045427616543E-008
  2.424677018456045E-008
  2.400551079017962E-008
  2.376665196688243E-008
  2.353016982858752E-008
  2.329604072688398E-008
  2.306424124866654E-008
  2.283474821379421E-008
  2.260753867277225E-008
  2.238258990445722E-008
  2.215987941378484E-008
  2.193938492952044E-008
  2.172108440203185E-008
  2.150495600108441E-008
  2.129097811365790E-008
  2.107912934178528E-008
  2.086938850041282E-008
  2.066173461528159E-008
  2.045614692083004E-008
  2.025260485811739E-008
  2.005108807276777E-008
  1.985157641293470E-008
  1.965404992728594E-008
  1.945848886300831E-008
  1.926487366383243E-008
  1.907318496807702E-008
  1.888340360671277E-008
  1.869551060144539E-008
  1.850948716281779E-008
  1.832531468833107E-008
  1.814297476058431E-008
  1.796244914543278E-008
  1.778371979016454E-008
  1.760676882169512E-008
  1.743157854478020E-008
  1.725813144024610E-008
  1.708641016323783E-008
  1.691639754148459E-008
  1.674807657358253E-008
  1.658143042729459E-008
  1.641644243786727E-008
  1.625309610636413E-008
  1.609137509801590E-008
  1.593126324058698E-008
  1.577274452275819E-008
  1.561580309252566E-008
  1.546042325561558E-008
  1.530658947391478E-008
  1.515428636391689E-008
  1.500349869518399E-008
  1.485421138882354E-008
  1.470640951598051E-008
  1.456007829634446E-008
  1.441520309667145E-008
  1.427176942932081E-008
  1.412976295080626E-008
  1.398916946036162E-008
  1.384997489852069E-008
  1.371216534571127E-008
  1.357572702086326E-008
  1.344064628003046E-008
  1.330690961502623E-008
  1.317450365207262E-008
  1.304341515046298E-008
  1.291363100123793E-008
  1.278513822587438E-008
  1.265792397498773E-008
  1.253197552704686E-008
  1.240728028710204E-008
  1.228382578552535E-008
  1.216159967676375E-008
  1.204058973810451E-008
  1.192078386845294E-008
  1.180217008712221E-008
  1.168473653263536E-008
  1.156847146153907E-008
  1.145336324722935E-008
  1.133940037878885E-008
  1.122657145983574E-008
  1.111486520738411E-008
  1.100427045071563E-008
  1.089477613026246E-008
  1.078637129650132E-008
  1.067904510885849E-008
  1.057278683462577E-008
  1.046758584788718E-008
  1.036343162845639E-008
  1.026031376082465E-008
  1.015822193311928E-008
  1.005714593607242E-008
  9.957075662000147E-009
  9.858001103791647E-009
  9.759912353908546E-009
  9.662799603394113E-009
  9.566653140892368E-009
  9.471463351676937E-009
  9.377220716689579E-009
  9.283915811588258E-009
  9.191539305804709E-009
  9.100081961611372E-009
  9.009534633197612E-009
  8.919888265755135E-009
  8.831133894572490E-009
  8.743262644138596E-009
  8.656265727255180E-009
  8.570134444158061E-009
  8.484860181647150E-009
  8.400434412225136E-009
  8.316848693244719E-009
  8.234094666064351E-009
  8.152164055212347E-009
  8.071048667559348E-009
  7.990740391498994E-009
  7.911231196136754E-009
  7.832513130486835E-009
  7.754578322677072E-009
  7.677418979161738E-009
  7.601027383942183E-009
  7.525395897795228E-009
  7.450516957509226E-009
  7.376383075127751E-009
  7.302986837200789E-009
  7.230320904043381E-009
  7.158378009001660E-009
  7.087150957726164E-009
  7.016632627452414E-009
  6.946815966288616E-009
  6.877693992510470E-009
  6.809259793862999E-009
  6.741506526869310E-009
  6.674427416146241E-009
  6.608015753726820E-009
  6.542264898389463E-009
  6.477168274993845E-009
  6.412719373823377E-009
  6.348911749934238E-009
  6.285739022510861E-009
  6.223194874227863E-009
  6.161273050618294E-009
  6.099967359448191E-009
  6.039271670097347E-009
  5.979179912946252E-009
  5.919686078769113E-009
  5.860784218132930E-009
  5.802468440802559E-009
  5.744732915151668E-009
  5.687571867579581E-009
  5.630979581933903E-009
  5.574950398938913E-009
  5.519478715629618E-009
  5.464558984791460E-009
  5.410185714405592E-009
  5.356353467099661E-009
  5.303056859604077E-009
  5.250290562213676E-009
  5.198049298254747E-009
  5.146327843557361E-009
  5.095121025932947E-009
  5.044423724657068E-009
  4.994230869957351E-009
  4.944537442506496E-009
  4.895338472920347E-009
  4.846629041260949E-009
  4.798404276544543E-009
  4.750659356254471E-009
  4.703389505858915E-009
  4.656589998333445E-009
  4.610256153688307E-009
  4.564383338500427E-009
  4.518966965450056E-009
  4.474002492862044E-009
  4.429485424251661E-009
  4.385411307874950E-009
  4.341775736283543E-009
  4.298574345883918E-009
  4.255802816501034E-009
  4.213456870946310E-009
  4.171532274589902E-009
  4.130024834937238E-009
  4.088930401209763E-009
  4.048244863929855E-009
  4.007964154509887E-009
  3.968084244845345E-009
  3.928601146912032E-009
  3.889510912367252E-009
  3.850809632154975E-009
  3.812493436114927E-009
  3.774558492595575E-009
  3.737001008070956E-009
  3.699817226761317E-009
  3.663003430257541E-009
  3.626555937149300E-009
  3.590471102656911E-009
  3.554745318266853E-009
  3.519375011370916E-009
  3.484356644908934E-009
  3.449686717015079E-009
  3.415361760667671E-009
  3.381378343342471E-009
  3.347733066669425E-009
  3.314422566092830E-009
  3.281443510534870E-009
  3.248792602062504E-009
  3.216466575557678E-009
  3.184462198390801E-009
  3.152776270097488E-009
  3.121405622058503E-009
  3.090347117182901E-009
  3.059597649594312E-009
  3.029154144320352E-009
  2.999013556985125E-009
  2.969172873504779E-009
  2.939629109786100E-009
  2.910379311428096E-009
  2.881420553426555E-009
  2.852749939881546E-009
  2.824364603707822E-009
  2.796261706348110E-009
  2.768438437489256E-009
  2.740892014781188E-009
  2.713619683558679E-009
  2.686618716565881E-009
  2.659886413683592E-009
  2.633420101659250E-009
  2.607217133839594E-009
  2.581274889906008E-009
  2.555590775612479E-009
  2.530162222526174E-009
  2.504986687770595E-009
  2.480061653771287E-009
  2.455384628004077E-009
  2.430953142745827E-009
  2.406764754827649E-009
  2.382817045390596E-009
  2.359107619643766E-009
  2.335634106624829E-009
  2.312394158962919E-009
  2.289385452643905E-009
  2.266605686777980E-009
  2.244052583369576E-009
  2.221723887089557E-009
  2.199617365049685E-009
  2.177730806579338E-009
  2.156062023004428E-009
  2.134608847428539E-009
  2.113369134516240E-009
  2.092340760278535E-009
  2.071521621860480E-009
  2.050909637330883E-009
  2.030502745474113E-009
  2.010298905583980E-009
  1.990296097259658E-009
  1.970492320203646E-009
  1.950885594021734E-009
  1.931473958024965E-009
  1.912255471033564E-009
  1.893228211182816E-009
  1.874390275730880E-009
  1.855739780868512E-009
  1.837274861530684E-009
  1.818993671210075E-009
  1.800894381772418E-009
  1.782975183273686E-009
  1.765234283779098E-009
  1.747669909183919E-009
  1.730280303036053E-009
  1.713063726360394E-009
  1.696018457484928E-009
  1.679142791868561E-009
  1.662435041930669E-009
  1.645893536882337E-009
  1.629516622559273E-009
  1.613302661256399E-009
  1.597250031564072E-009
  1.581357128205945E-009
  1.565622361878439E-009
  1.550044159091810E-009
  1.534620962012796E-009
  1.519351228308837E-009
  1.504233430993836E-009
  1.489266058275467E-009
  1.474447613403982E-009
  1.459776614522546E-009
  1.445251594519046E-009
  1.430871100879376E-009
  1.416633695542189E-009
  1.402537954755088E-009
  1.388582468932245E-009
  1.374765842513451E-009
  1.361086693824548E-009
  1.347543654939269E-009
  1.334135371542440E-009
  1.320860502794546E-009
  1.307717721197652E-009
  1.294705712462644E-009
  1.281823175377805E-009
  1.269068821678693E-009
  1.256441375919309E-009
  1.243939575344553E-009
  1.231562169763950E-009
  1.219307921426627E-009
  1.207175604897539E-009
