  0.000000000000000E+000
  9.990005830834027E-008
  3.992009325338776E-007
  8.973047189312573E-007
  1.593614907768537E-006
  2.487536380342646E-006
  3.578475406001003E-006
  4.865839639169288E-006
  6.349038116385349E-006
  8.027481253339237E-006
  9.900580841919345E-006
  1.196775004726466E-005
  1.422840340482310E-005
  1.668195681741589E-005
  1.932782755230808E-005
  2.216543423828502E-005
  2.519419686273499E-005
  2.841353676873768E-005
  3.182287665215887E-005
  3.542164055875103E-005
  3.920925388125985E-005
  4.318514335653688E-005
  4.734873706265801E-005
  5.169946441604798E-005
  5.623675616861084E-005
  6.096004440486618E-005
  6.586876253909159E-005
  7.096234531247069E-005
  7.624022879024722E-005
  8.170185035888511E-005
  8.734664872323412E-005
  9.317406390370167E-005
  9.918353723343024E-005
  1.053745113554808E-004
  1.117464302200221E-004
  1.182987390815253E-004
  1.250308844959651E-004
  1.319423143180263E-004
  1.390324776983158E-004
  1.463008250805811E-004
  1.537468081989339E-004
  1.613698800750799E-004
  1.691694950155541E-004
  1.771451086089615E-004
  1.852961777232243E-004
  1.936221605028341E-004
  2.021225163661099E-004
  2.107967060024623E-004
  2.196441913696626E-004
  2.286644356911177E-004
  2.378569034531516E-004
  2.472210604022910E-004
  2.567563735425573E-004
  2.664623111327649E-004
  2.763383426838233E-004
  2.863839389560467E-004
  2.965985719564677E-004
  3.069817149361578E-004
  3.175328423875520E-004
  3.282514300417803E-004
  3.391369548660043E-004
  3.501888950607582E-004
  3.614067300572974E-004
  3.727899405149507E-004
  3.843380083184792E-004
  3.960504165754397E-004
  4.079266496135545E-004
  4.199661929780862E-004
  4.321685334292171E-004
  4.445331589394362E-004
  4.570595586909290E-004
  4.697472230729748E-004
  4.825956436793478E-004
  4.956043133057253E-004
  5.087727259470990E-004
  5.221003767951942E-004
  5.355867622358924E-004
  5.492313798466599E-004
  5.630337283939824E-004
  5.769933078308030E-004
  5.911096192939679E-004
  6.053821651016759E-004
  6.198104487509335E-004
  6.343939749150150E-004
  6.491322494409283E-004
  6.640247793468865E-004
  6.790710728197831E-004
  6.942706392126740E-004
  7.096229890422632E-004
  7.251276339863954E-004
  7.407840868815531E-004
  7.565918617203584E-004
  7.725504736490800E-004
  7.886594389651463E-004
  8.049182751146628E-004
  8.213265006899347E-004
  8.378836354269954E-004
  8.545892002031389E-004
  8.714427170344581E-004
  8.884437090733888E-004
  9.055917006062568E-004
  9.228862170508323E-004
  9.403267849538880E-004
  9.579129319887626E-004
  9.756441869529300E-004
  9.935200797655714E-004
  1.011540141465156E-003
  1.029703904207024E-003
  1.048010901260974E-003
  1.066460667008858E-003
  1.085052736942181E-003
  1.103786647659701E-003
  1.122661936865042E-003
  1.141678143364306E-003
  1.160834807063689E-003
  1.180131468967108E-003
  1.199567671173830E-003
  1.219142956876099E-003
  1.238856870356783E-003
  1.258708956987009E-003
  1.278698763223817E-003
  1.298825836607811E-003
  1.319089725760813E-003
  1.339489980383533E-003
  1.360026151253229E-003
  1.380697790221384E-003
  1.401504450211384E-003
  1.422445685216193E-003
  1.443521050296048E-003
  1.464730101576146E-003
  1.486072396244340E-003
  1.507547492548844E-003
  1.529154949795933E-003
  1.550894328347661E-003
  1.572765189619568E-003
  1.594767096078406E-003
  1.616899611239864E-003
  1.639162299666293E-003
  1.661554726964444E-003
  1.684076459783208E-003
  1.706727065811355E-003
  1.729506113775287E-003
  1.752413173436787E-003
  1.775447815590781E-003
  1.798609612063098E-003
  1.821898135708234E-003
  1.845312960407132E-003
  1.868853661064948E-003
  1.892519813608840E-003
  1.916310994985750E-003
  1.940226783160193E-003
  1.964266757112055E-003
  1.988430496834389E-003
  2.012717583331218E-003
  2.037127598615351E-003
  2.061660125706187E-003
  2.086314748627534E-003
  2.111091052405437E-003
  2.135988623065997E-003
  2.161007047633209E-003
  2.186145914126789E-003
  2.211404811560023E-003
  2.236783329937606E-003
  2.262281060253492E-003
  2.287897594488749E-003
  2.313632525609414E-003
  2.339485447564360E-003
  2.365455955283158E-003
  2.391543644673948E-003
  2.417748112621322E-003
  2.444068956984197E-003
  2.470505776593698E-003
  2.497058171251055E-003
  2.523725741725489E-003
  2.550508089752112E-003
  2.577404818029832E-003
  2.604415530219251E-003
  2.631539830940589E-003
  2.658777325771584E-003
  2.686127621245422E-003
  2.713590324848659E-003
  2.741165045019145E-003
  2.768851391143958E-003
  2.796648973557344E-003
  2.824557403538654E-003
  2.852576293310291E-003
  2.880705256035659E-003
  2.908943905817116E-003
  2.937291857693933E-003
  2.965748727640258E-003
  2.994314132563078E-003
  3.022987690300193E-003
  3.051769019618191E-003
  3.080657740210423E-003
  3.109653472694995E-003
  3.138755838612747E-003
  3.167964460425247E-003
  3.197278961512788E-003
  3.226698966172392E-003
  3.256224099615804E-003
  3.285853987967509E-003
  3.315588258262744E-003
  3.345426538445510E-003
  3.375368457366596E-003
  3.405413644781604E-003
  3.435561731348975E-003
  3.465812348628030E-003
  3.496165129076994E-003
  3.526619706051049E-003
  3.557175713800378E-003
  3.587832787468205E-003
  3.618590563088861E-003
  3.649448677585833E-003
  3.680406768769829E-003
  3.711464475336843E-003
  3.742621436866225E-003
  3.773877293818753E-003
  3.805231687534712E-003
  3.836684260231977E-003
  3.868234655004096E-003
  3.899882515818383E-003
  3.931627487514007E-003
  3.963469215800092E-003
  3.995407347253823E-003
  4.027441529318541E-003
  4.059571410301862E-003
  4.091796639373790E-003
  4.124116866564827E-003
  4.156531742764101E-003
  4.189040919717486E-003
  4.221644050025736E-003
  4.254340787142616E-003
  4.287130785373043E-003
  4.320013699871213E-003
  4.352989186638764E-003
  4.386056902522908E-003
  4.419216505214599E-003
  4.452467653246674E-003
  4.485810005992022E-003
  4.519243223661751E-003
  4.552766967303341E-003
  4.586380898798837E-003
  4.620084680863003E-003
  4.653877977041513E-003
  4.687760451709135E-003
  4.721731770067910E-003
  4.755791598145349E-003
  4.789939602792624E-003
  4.824175451682768E-003
  4.858498813308874E-003
  4.892909356982304E-003
  4.927406752830894E-003
  4.961990671797175E-003
  4.996660785636577E-003
  5.031416766915663E-003
  5.066258289010342E-003
  5.101185026104105E-003
  5.136196653186252E-003
  5.171292846050126E-003
  5.206473281291360E-003
  5.241737636306108E-003
  5.277085589289302E-003
  5.312516819232898E-003
  5.348031005924122E-003
  5.383627829943738E-003
  5.419306972664307E-003
  5.455068116248446E-003
  5.490910943647101E-003
  5.526835138597816E-003
  5.562840385623010E-003
  5.598926370028255E-003
  5.635092777900559E-003
  5.671339296106652E-003
  5.707665612291275E-003
  5.744071414875474E-003
  5.780556393054897E-003
  5.817120236798094E-003
  5.853762636844822E-003
  5.890483284704350E-003
  5.927281872653769E-003
  5.964158093736313E-003
  6.001111641759670E-003
  6.038142211294307E-003
  6.075249497671797E-003
  6.112433196983140E-003
  6.149693006077102E-003
  6.187028622558552E-003
  6.224439744786790E-003
  6.261926071873905E-003
  6.299487303683103E-003
  6.337123140827079E-003
  6.374833284666348E-003
  6.412617437307611E-003
  6.450475301602117E-003
  6.488406581144020E-003
  6.526410980268752E-003
  6.564488204051384E-003
  6.602637958305011E-003
  6.640859949579119E-003
  6.679153885157971E-003
  6.717519473058988E-003
  6.755956422031132E-003
  6.794464441553307E-003
  6.833043241832743E-003
  6.871692533803396E-003
  6.910412029124347E-003
  6.949201440178211E-003
  6.988060480069540E-003
  7.026988862623229E-003
  7.065986302382937E-003
  7.105052514609507E-003
  7.144187215279370E-003
  7.183390121082988E-003
  7.222660949423265E-003
  7.261999418413991E-003
  7.301405246878265E-003
  7.340878154346937E-003
  7.380417861057048E-003
  7.420024087950268E-003
  7.459696556671351E-003
  7.499434989566576E-003
  7.539239109682205E-003
  7.579108640762942E-003
  7.619043307250387E-003
  7.659042834281502E-003
  7.699106947687070E-003
  7.739235373990180E-003
  7.779427840404681E-003
  7.819684074833673E-003
  7.860003805867969E-003
  7.900386762784593E-003
  7.940832675545260E-003
  7.981341274794860E-003
  8.021912291859950E-003
  8.062545458747258E-003
  8.103240508142168E-003
  8.143997173407226E-003
  8.184815188580649E-003
  8.225694288374821E-003
  8.266634208174823E-003
  8.307634684036919E-003
  8.348695452687096E-003
  8.389816251519569E-003
  8.430996818595313E-003
  8.472236892640586E-003
  8.513536213045455E-003
  8.554894519862329E-003
  8.596311553804499E-003
  8.637787056244670E-003
  8.679320769213501E-003
  8.720912435398161E-003
  8.762561798140858E-003
  8.804268601437407E-003
  8.846032589935774E-003
  8.887853508934633E-003
  8.929731104381926E-003
  8.971665122873429E-003
  9.013655311651310E-003
  9.055701418602707E-003
  9.097803192258292E-003
  9.139960381790850E-003
  9.182172737013846E-003
  9.224440008380026E-003
  9.266761946979982E-003
  9.309138304540743E-003
  9.351568833424372E-003
  9.394053286626543E-003
  9.436591417775156E-003
  9.479182981128917E-003
  9.521827731575951E-003
  9.564525424632401E-003
  9.607275816441035E-003
  9.650078663769856E-003
  9.692933724010718E-003
  9.735840755177940E-003
  9.778799515906923E-003
  9.821809765452771E-003
  9.864871263688920E-003
  9.907983771105760E-003
  9.951147048809268E-003
  9.994360858519642E-003
  1.003762496256994E-002
  1.008093912390470E-002
  1.012430310607861E-002
  1.016771667325514E-002
  1.021117959020517E-002
  1.025469162230568E-002
  1.029825253553837E-002
  1.034186209648833E-002
  1.038552007234270E-002
  1.042922623088930E-002
  1.047298034051537E-002
  1.051678217020615E-002
  1.056063148954360E-002
  1.060452806870507E-002
  1.064847167846194E-002
  1.069246209017837E-002
  1.073649907580990E-002
  1.078058240790217E-002
  1.082471185958963E-002
  1.086888720459418E-002
  1.091310821722392E-002
  1.095737467237178E-002
  1.100168634551425E-002
  1.104604301271012E-002
  1.109044445059911E-002
  1.113489043640062E-002
  1.117938074791242E-002
  1.122391516350937E-002
  1.126849346214214E-002
  1.131311542333593E-002
  1.135778082718916E-002
  1.140248945437221E-002
  1.144724108612616E-002
  1.149203550426150E-002
  1.153687249115686E-002
  1.158175182975774E-002
  1.162667330357525E-002
  1.167163669668487E-002
  1.171664179372515E-002
  1.176168837989649E-002
  1.180677624095984E-002
  1.185190516323551E-002
  1.189707493360187E-002
  1.194228533949413E-002
  1.198753616890308E-002
  1.203282721037389E-002
  1.207815825300479E-002
  1.212352908644594E-002
  1.216893950089809E-002
  1.221438928711144E-002
  1.225987823638435E-002
  1.230540614056215E-002
  1.235097279203590E-002
  1.239657798374117E-002
  1.244222150915684E-002
  1.248790316230387E-002
  1.253362273774408E-002
  1.257938003057896E-002
  1.262517483644845E-002
  1.267100695152973E-002
  1.271687617253604E-002
  1.276278229671545E-002
  1.280872512184969E-002
  1.285470444625294E-002
  1.290072006877066E-002
  1.294677178877833E-002
  1.299285940618037E-002
  1.303898272140889E-002
  1.308514153542248E-002
  1.313133564970511E-002
  1.317756486626490E-002
  1.322382898763294E-002
  1.327012781686215E-002
  1.331646115752610E-002
  1.336282881371782E-002
  1.340923059004866E-002
  1.345566629164711E-002
  1.350213572415767E-002
  1.354863869373967E-002
  1.359517500706608E-002
  1.364174447132245E-002
  1.368834689420565E-002
  1.373498208392282E-002
  1.378164984919016E-002
  1.382834999923181E-002
  1.387508234377871E-002
  1.392184669306745E-002
  1.396864285783917E-002
  1.401547064933836E-002
  1.406232987931181E-002
  1.410922036000741E-002
  1.415614190417307E-002
  1.420309432505558E-002
  1.425007743639948E-002
  1.429709105244596E-002
  1.434413498793173E-002
  1.439120905808791E-002
  1.443831307863891E-002
  1.448544686580134E-002
  1.453261023628289E-002
  1.457980300728120E-002
  1.462702499648280E-002
  1.467427602206201E-002
  1.472155590267979E-002
  1.476886445748271E-002
  1.481620150610180E-002
  1.486356686865149E-002
  1.491096036572852E-002
  1.495838181841086E-002
  1.500583104825659E-002
  1.505330787730285E-002
  1.510081212806476E-002
  1.514834362353434E-002
  1.519590218717941E-002
  1.524348764294256E-002
  1.529109981524004E-002
  1.533873852896073E-002
  1.538640360946501E-002
  1.543409488258380E-002
  1.548181217461739E-002
  1.552955531233445E-002
  1.557732412297095E-002
  1.562511843422908E-002
  1.567293807427628E-002
  1.572078287174407E-002
  1.576865265572712E-002
  1.581654725578210E-002
  1.586446650192673E-002
  1.591241022463866E-002
  1.596037825485450E-002
  1.600837042396871E-002
  1.605638656383263E-002
  1.610442650675341E-002
  1.615249008549300E-002
  1.620057713326709E-002
  1.624868748374414E-002
  1.629682097104428E-002
  1.634497742973835E-002
  1.639315669484687E-002
  1.644135860183900E-002
  1.648958298663154E-002
  1.653782968558791E-002
  1.658609853551715E-002
  1.663438937367289E-002
  1.668270203775238E-002
  1.673103636589543E-002
  1.677939219668347E-002
  1.682776936913850E-002
  1.687616772272214E-002
  1.692458709733455E-002
  1.697302733331355E-002
  1.702148827143353E-002
  1.706996975290452E-002
  1.711847161937116E-002
  1.716699371291175E-002
  1.721553587603725E-002
  1.726409795169031E-002
  1.731267978324426E-002
  1.736128121450215E-002
  1.740990208969582E-002
  1.745854225348483E-002
  1.750720155095559E-002
  1.755587982762030E-002
  1.760457692941608E-002
  1.765329270270389E-002
  1.770202699426769E-002
  1.775077965131338E-002
  1.779955052146789E-002
  1.784833945277822E-002
  1.789714629371045E-002
  1.794597089314885E-002
  1.799481310039489E-002
  1.804367276516627E-002
  1.809254973759601E-002
  1.814144386823152E-002
  1.819035500803359E-002
  1.823928300837551E-002
  1.828822772104212E-002
  1.833718899822884E-002
  1.838616669254078E-002
  1.843516065699179E-002
  1.848417074500351E-002
  1.853319681040446E-002
  1.858223870742913E-002
  1.863129629071701E-002
  1.868036941531170E-002
  1.872945793666000E-002
  1.877856171061094E-002
  1.882768059341493E-002
  1.887681444172278E-002
  1.892596311258483E-002
  1.897512646345003E-002
  1.902430435216503E-002
  1.907349663697324E-002
  1.912270317651400E-002
  1.917192382982158E-002
  1.922115845632436E-002
  1.927040691584390E-002
  1.931966906859402E-002
  1.936894477517993E-002
  1.941823389659735E-002
  1.946753629423159E-002
  1.951685182985666E-002
  1.956618036563438E-002
  1.961552176411352E-002
  1.966487588822891E-002
  1.971424260130052E-002
  1.976362176703262E-002
  1.981301324951288E-002
  1.986241691321152E-002
  1.991183262298038E-002
  1.996126024405210E-002
  2.001069964203923E-002
  2.006015068293336E-002
  2.010961323310425E-002
  2.015908715929897E-002
  2.020857232864101E-002
  2.025806860862947E-002
  2.030757586713816E-002
  2.035709397241473E-002
  2.040662279307986E-002
  2.045616219812637E-002
  2.050571205691837E-002
  2.055527223919042E-002
  2.060484261504667E-002
  2.065442305496002E-002
  2.070401342977128E-002
  2.075361361068830E-002
  2.080322346928515E-002
  2.085284287750128E-002
  2.090247170764067E-002
  2.095210983237101E-002
  2.100175712472283E-002
  2.105141345808872E-002
  2.110107870622243E-002
  2.115075274323812E-002
  2.120043544360947E-002
  2.125012668216886E-002
  2.129982633410658E-002
  2.134953427496998E-002
  2.139925038066265E-002
  2.144897452744363E-002
  2.149870659192653E-002
  2.154844645107878E-002
  2.159819398222078E-002
  2.164794906302510E-002
  2.169771157151566E-002
  2.174748138606694E-002
  2.179725838540315E-002
  2.184704244859743E-002
  2.189683345507104E-002
  2.194663128459260E-002
  2.199643581727723E-002
  2.204624693358580E-002
  2.209606451432410E-002
  2.214588844064207E-002
  2.219571859403296E-002
  2.224555485633261E-002
  2.229539710971861E-002
  2.234524523670953E-002
  2.239509912016409E-002
  2.244495864328046E-002
  2.249482368959540E-002
  2.254469414298352E-002
  2.259456988765647E-002
  2.264445080816220E-002
  2.269433678938414E-002
  2.274422771654046E-002
  2.279412347518327E-002
  2.284402395119787E-002
  2.289392903080196E-002
  2.294383860054491E-002
  2.299375254730692E-002
  2.304367075829835E-002
  2.309359312105887E-002
  2.314351952345675E-002
  2.319344985368806E-002
  2.324338400027598E-002
  2.329332185206995E-002
  2.334326329824501E-002
  2.339320822830096E-002
  2.344315653206166E-002
  2.349310809967427E-002
  2.354306282160849E-002
  2.359302058865582E-002
  2.364298129192884E-002
  2.369294482286038E-002
  2.374291107320290E-002
  2.379287993502762E-002
  2.384285130072393E-002
  2.389282506299849E-002
  2.394280111487462E-002
  2.399277934969149E-002
  2.404275966110342E-002
  2.409274194307914E-002
  2.414272608990108E-002
  2.419271199616461E-002
  2.424269955677733E-002
  2.429268866695832E-002
  2.434267922223747E-002
  2.439267111845471E-002
  2.444266425175929E-002
  2.449265851860911E-002
  2.454265381576994E-002
  2.459265004031473E-002
  2.464264708962290E-002
  2.469264486137962E-002
  2.474264325357514E-002
  2.479264216450399E-002
  2.484264149276434E-002
  2.489264113725729E-002
  2.494264099718612E-002
  2.499264097205566E-002
  2.504264096167152E-002
  2.509264086613941E-002
  2.514264058586445E-002
  2.519264002155047E-002
  2.524263907419928E-002
  2.529263764511005E-002
  2.534263563587855E-002
  2.539263294839646E-002
  2.544262948485073E-002
  2.549262514772284E-002
  2.554261983978815E-002
  2.559261346411517E-002
  2.564260592406492E-002
  2.569259712329021E-002
  2.574258696573500E-002
  2.579257535563368E-002
  2.584256219751042E-002
  2.589254739617845E-002
  2.594253085673946E-002
  2.599251248458282E-002
  2.604249218538503E-002
  2.609246986510893E-002
  2.614244543000313E-002
  2.619241878660127E-002
  2.624238984172139E-002
  2.629235850246523E-002
  2.634232467621763E-002
  2.639228827064579E-002
  2.644224919369864E-002
  2.649220735360623E-002
  2.654216265887897E-002
  2.659211501830707E-002
  2.664206434095981E-002
  2.669201053618496E-002
  2.674195351360803E-002
  2.679189318313172E-002
  2.684182945493519E-002
  2.689176223947347E-002
  2.694169144747678E-002
  2.699161698994987E-002
  2.704153877817142E-002
  2.709145672369336E-002
  2.714137073834024E-002
  2.719128073420860E-002
  2.724118662366632E-002
  2.729108831935196E-002
  2.734098573417418E-002
  2.739087878131104E-002
  2.744076737420943E-002
  2.749065142658437E-002
  2.754053085241846E-002
  2.759040556596116E-002
  2.764027548172822E-002
  2.769014051450104E-002
  2.774000057932608E-002
  2.778985559151414E-002
  2.783970546663981E-002
  2.788955012054089E-002
  2.793938946931765E-002
  2.798922342933230E-002
  2.803905191720836E-002
  2.808887484983001E-002
  2.813869214434152E-002
  2.818850371814662E-002
  2.823830948890783E-002
  2.828810937454596E-002
  2.833790329323942E-002
  2.838769116342362E-002
  2.843747290379040E-002
  2.848724843328737E-002
  2.853701767111737E-002
  2.858678053673781E-002
  2.863653694986011E-002
  2.868628683044904E-002
  2.873603009872220E-002
  2.878576667514939E-002
  2.883549648045197E-002
  2.888521943560233E-002
  2.893493546182324E-002
  2.898464448058732E-002
  2.903434641361640E-002
  2.908404118288092E-002
  2.913372871059940E-002
  2.918340891923779E-002
  2.923308173150892E-002
  2.928274707037190E-002
  2.933240485903154E-002
  2.938205502093779E-002
  2.943169747978509E-002
  2.948133215951189E-002
  2.953095898429998E-002
  2.958057787857397E-002
  2.963018876700069E-002
  2.967979157448859E-002
  2.972938622618724E-002
  2.977897264748670E-002
  2.982855076401694E-002
  2.987812050164730E-002
  2.992768178648592E-002
  2.997723454487915E-002
  3.002677870341103E-002
  3.007631418890263E-002
  3.012584092841162E-002
  3.017535884923157E-002
  3.022486787889150E-002
  3.027436794515525E-002
  3.032385897602095E-002
  3.037334089972046E-002
  3.042281364471879E-002
  3.047227713971360E-002
  3.052173131363456E-002
  3.057117609564289E-002
  3.062061141513074E-002
  3.067003720172066E-002
  3.071945338526507E-002
  3.076885989584568E-002
  3.081825666377297E-002
  3.086764361958562E-002
  3.091702069404998E-002
  3.096638781815953E-002
  3.101574492313431E-002
  3.106509194042044E-002
  3.111442880168949E-002
  3.116375543883802E-002
  3.121307178398699E-002
  3.126237776948126E-002
  3.131167332788907E-002
  3.136095839200140E-002
  3.141023289483158E-002
  3.145949676961465E-002
  3.150874994980690E-002
  3.155799236908529E-002
  3.160722396134693E-002
  3.165644466070858E-002
  3.170565440150612E-002
  3.175485311829397E-002
  3.180404074584466E-002
  3.185321721914819E-002
  3.190238247341164E-002
  3.195153644405854E-002
  3.200067906672840E-002
  3.204981027727620E-002
  3.209893001177184E-002
  3.214803820649963E-002
  3.219713479795783E-002
  3.224621972285803E-002
  3.229529291812475E-002
  3.234435432089487E-002
  3.239340386851709E-002
  3.244244149855149E-002
  3.249146714876897E-002
  3.254048075715080E-002
  3.258948226188803E-002
  3.263847160138103E-002
  3.268744871423902E-002
  3.273641353927952E-002
  3.278536601552784E-002
  3.283430608221662E-002
  3.288323367878532E-002
  3.293214874487969E-002
  3.298105122035131E-002
  3.302994104525708E-002
  3.307881815985871E-002
  3.312768250462223E-002
  3.317653402021754E-002
  3.322537264751786E-002
  3.327419832759927E-002
  3.332301100174019E-002
  3.337181061142095E-002
  3.342059709832325E-002
  3.346937040432967E-002
  3.351813047152324E-002
  3.356687724218690E-002
  3.361561065880303E-002
  3.366433066405297E-002
  3.371303720081655E-002
  3.376173021217160E-002
  3.381040964139345E-002
  3.385907543195452E-002
  3.390772752752376E-002
  3.395636587196620E-002
  3.400499040934252E-002
  3.405360108390851E-002
  3.410219784011462E-002
  3.415078062260551E-002
  3.419934937621959E-002
  3.424790404598847E-002
  3.429644457713656E-002
  3.434497091508061E-002
  3.439348300542918E-002
  3.444198079398225E-002
  3.449046422673069E-002
  3.453893324985585E-002
  3.458738780972902E-002
  3.463582785291109E-002
  3.468425332615194E-002
  3.473266417639013E-002
  3.478106035075231E-002
  3.482944179655286E-002
  3.487780846129336E-002
  3.492616029266219E-002
  3.497449723853405E-002
  3.502281924696950E-002
  3.507112626621451E-002
  3.511941824470004E-002
  3.516769513104154E-002
  3.521595687403851E-002
  3.526420342267408E-002
  3.531243472611455E-002
  3.536065073370892E-002
  3.540885139498848E-002
  3.545703665966633E-002
  3.550520647763696E-002
  3.555336079897579E-002
  3.560149957393874E-002
  3.564962275296180E-002
  3.569773028666055E-002
  3.574582212582977E-002
  3.579389822144296E-002
  3.584195852465191E-002
  3.589000298678629E-002
  3.593803155935318E-002
  3.598604419403670E-002
  3.603404084269745E-002
  3.608202145737222E-002
  3.612998599027346E-002
  3.617793439378891E-002
  3.622586662048112E-002
  3.627378262308704E-002
  3.632168235451763E-002
  3.636956576785737E-002
  3.641743281636386E-002
  3.646528345346742E-002
  3.651311763277063E-002
  3.656093530804791E-002
  3.660873643324514E-002
  3.665652096247918E-002
  3.670428885003747E-002
  3.675204005037762E-002
  3.679977451812700E-002
  3.684749220808232E-002
  3.689519307520916E-002
  3.694287707464162E-002
  3.699054416168188E-002
  3.703819429179982E-002
  3.708582742063249E-002
  3.713344350398386E-002
  3.718104249782429E-002
  3.722862435829019E-002
  3.727618904168354E-002
  3.732373650447154E-002
  3.737126670328617E-002
  3.741877959492383E-002
  3.746627513634486E-002
  3.751375328467321E-002
  3.756121399719595E-002
  3.760865723136295E-002
  3.765608294478646E-002
  3.770349109524064E-002
  3.775088164066127E-002
  3.779825453914523E-002
  3.784560974895022E-002
  3.789294722849426E-002
  3.794026693635537E-002
  3.798756883127112E-002
  3.803485287213825E-002
  3.808211901801230E-002
  3.812936722810716E-002
  3.817659746179475E-002
  3.822380967860457E-002
  3.827100383822336E-002
  3.831817990049461E-002
  3.836533782541832E-002
  3.841247757315049E-002
  3.845959910400276E-002
  3.850670237844207E-002
  3.855378735709021E-002
  3.860085400072349E-002
  3.864790227027230E-002
  3.869493212682078E-002
  3.874194353160642E-002
  3.878893644601965E-002
  3.883591083160348E-002
  3.888286665005314E-002
  3.892980386321566E-002
  3.897672243308952E-002
  3.902362232182428E-002
  3.907050349172014E-002
  3.911736590522769E-002
  3.916420952494738E-002
  3.921103431362927E-002
  3.925784023417257E-002
  3.930462724962535E-002
  3.935139532318409E-002
  3.939814441819334E-002
  3.944487449814538E-002
  3.949158552667980E-002
  3.953827746758314E-002
  3.958495028478859E-002
  3.963160394237551E-002
  3.967823840456915E-002
  3.972485363574026E-002
  3.977144960040468E-002
  3.981802626322309E-002
  3.986458358900052E-002
  3.991112154268606E-002
  3.995764008937248E-002
  3.987780467122369E-002
  3.979812876434675E-002
  3.971861205003795E-002
  3.963925421023028E-002
  3.956005492749232E-002
  3.948101388502681E-002
  3.940213076666949E-002
  3.932340525688777E-002
  3.924483704077950E-002
  3.916642580407172E-002
  3.908817123311939E-002
  3.901007301490410E-002
  3.893213083703289E-002
  3.885434438773694E-002
  3.877671335587034E-002
  3.869923743090887E-002
  3.862191630294871E-002
  3.854474966270528E-002
  3.846773720151188E-002
  3.839087861131858E-002
  3.831417358469092E-002
  3.823762181480868E-002
  3.816122299546468E-002
  3.808497682106354E-002
  3.800888298662047E-002
  3.793294118776002E-002
  3.785715112071490E-002
  3.778151248232474E-002
  3.770602497003488E-002
  3.763068828189519E-002
  3.755550211655879E-002
  3.748046617328094E-002
  3.740558015191774E-002
  3.733084375292502E-002
  3.725625667735710E-002
  3.718181862686556E-002
  3.710752930369810E-002
  3.703338841069733E-002
  3.695939565129958E-002
  3.688555072953372E-002
  3.681185335001996E-002
  3.673830321796867E-002
  3.666490003917924E-002
  3.659164352003886E-002
  3.651853336752135E-002
  3.644556928918600E-002
  3.637275099317639E-002
  3.630007818821927E-002
  3.622755058362329E-002
  3.615516788927796E-002
  3.608292981565239E-002
  3.601083607379419E-002
  3.593888637532830E-002
  3.586708043245582E-002
  3.579541795795290E-002
  3.572389866516954E-002
  3.565252226802849E-002
  3.558128848102404E-002
  3.551019701922094E-002
  3.543924759825327E-002
  3.536843993432325E-002
  3.529777374420012E-002
  3.522724874521903E-002
  3.515686465527990E-002
  3.508662119284626E-002
  3.501651807694416E-002
  3.494655502716108E-002
  3.487673176364469E-002
  3.480704800710187E-002
  3.473750347879748E-002
  3.466809790055333E-002
  3.459883099474699E-002
  3.452970248431077E-002
  3.446071209273053E-002
  3.439185954404461E-002
  3.432314456284271E-002
  3.425456687426483E-002
  3.418612620400011E-002
  3.411782227828581E-002
  3.404965482390610E-002
  3.398162356819109E-002
  3.391372823901566E-002
  3.384596856479839E-002
  3.377834427450052E-002
  3.371085509762479E-002
  3.364350076421440E-002
  3.357628100485191E-002
  3.350919555065823E-002
  3.344224413329141E-002
  3.337542648494572E-002
  3.330874233835048E-002
  3.324219142676900E-002
  3.317577348399755E-002
  3.310948824436426E-002
  3.304333544272810E-002
  3.297731481447777E-002
  3.291142609553067E-002
  3.284566902233183E-002
  3.278004333185287E-002
  3.271454876159095E-002
  3.264918504956769E-002
  3.258395193432817E-002
  3.251884915493983E-002
  3.245387645099146E-002
  3.238903356259217E-002
  3.232432023037031E-002
  3.225973619547248E-002
  3.219528119956244E-002
  3.213095498482013E-002
  3.206675729394060E-002
  3.200268787013300E-002
  3.193874645711955E-002
  3.187493279913452E-002
  3.181124664092318E-002
  3.174768772774083E-002
  3.168425580535170E-002
  3.162095062002805E-002
  3.155777191854904E-002
  3.149471944819979E-002
  3.143179295677032E-002
  3.136899219255457E-002
  3.130631690434943E-002
  3.124376684145365E-002
  3.118134175366688E-002
  3.111904139128872E-002
  3.105686550511760E-002
  3.099481384644992E-002
  3.093288616707894E-002
  3.087108221929388E-002
  3.080940175587886E-002
  3.074784453011194E-002
  3.068641029576415E-002
  3.062509880709845E-002
  3.056390981886880E-002
  3.050284308631920E-002
  3.044189836518261E-002
  3.038107541168006E-002
  3.032037398251968E-002
  3.025979383489565E-002
  3.019933472648731E-002
  3.013899641545813E-002
  3.007877866045480E-002
  3.001868122060621E-002
  2.995870385552254E-002
  2.989884632529424E-002
  2.983910839049110E-002
  2.977948981216131E-002
  2.971999035183047E-002
  2.966060977150067E-002
  2.960134783364950E-002
  2.954220430122912E-002
  2.948317893766534E-002
  2.942427150685662E-002
  2.936548177317317E-002
  2.930680950145597E-002
  2.924825445701585E-002
  2.918981640563255E-002
  2.913149511355379E-002
  2.907329034749434E-002
  2.901520187463504E-002
  2.895722946262191E-002
  2.889937287956525E-002
  2.884163189403864E-002
  2.878400627507807E-002
  2.872649579218097E-002
  2.866910021530535E-002
  2.861181931486881E-002
  2.855465286174768E-002
  2.849760062727606E-002
  2.844066238324495E-002
  2.838383790190129E-002
  2.832712695594709E-002
  2.827052931853848E-002
  2.821404476328485E-002
  2.815767306424787E-002
  2.810141399594071E-002
  2.804526733332699E-002
  2.798923285182000E-002
  2.793331032728175E-002
  2.787749953602204E-002
  2.782180025479766E-002
  2.776621226081138E-002
  2.771073533171116E-002
  2.765536924558921E-002
  2.760011378098113E-002
  2.754496871686497E-002
  2.748993383266040E-002
  2.743500890822782E-002
  2.738019372386745E-002
  2.732548806031848E-002
  2.727089169875819E-002
  2.721640442080106E-002
  2.716202600849790E-002
  2.710775624433499E-002
  2.705359491123319E-002
  2.699954179254712E-002
  2.694559667206421E-002
  2.689175933400393E-002
  2.683802956301683E-002
  2.678440714418376E-002
  2.673089186301499E-002
  2.667748350544931E-002
  2.662418185785322E-002
  2.657098670702007E-002
  2.651789784016917E-002
  2.646491504494499E-002
  2.641203810941628E-002
  2.635926682207521E-002
  2.630660097183658E-002
  2.625404034803692E-002
  2.620158474043366E-002
  2.614923393920428E-002
  2.609698773494553E-002
  2.604484591867252E-002
  2.599280828181791E-002
  2.594087461623108E-002
  2.588904471417730E-002
  2.583731836833690E-002
  2.578569537180443E-002
  2.573417551808782E-002
  2.568275860110760E-002
  2.563144441519602E-002
  2.558023275509629E-002
  2.552912341596168E-002
  2.547811619335478E-002
  2.542721088324661E-002
  2.537640728201588E-002
  2.532570518644811E-002
  2.527510439373486E-002
  2.522460470147288E-002
  2.517420590766333E-002
  2.512390781071099E-002
  2.507371020942338E-002
  2.502361290301006E-002
  2.497361569108171E-002
  2.492371837364941E-002
  2.487392075112384E-002
  2.482422262431445E-002
  2.477462379442865E-002
  2.472512406307106E-002
  2.467572323224269E-002
  2.462642110434015E-002
  2.457721748215486E-002
  2.452811216887228E-002
  2.447910496807107E-002
  2.443019568372237E-002
  2.438138412018897E-002
  2.433267008222457E-002
  2.428405337497295E-002
  2.423553380396720E-002
  2.418711117512897E-002
  2.413878529476771E-002
  2.409055596957980E-002
  2.404242300664789E-002
  2.399438621344007E-002
  2.394644539780911E-002
  2.389860036799164E-002
  2.385085093260752E-002
  2.380319690065893E-002
  2.375563808152968E-002
  2.370817428498444E-002
  2.366080532116794E-002
  2.361353100060427E-002
  2.356635113419610E-002
  2.351926553322389E-002
  2.347227400934516E-002
  2.342537637459377E-002
  2.337857244137910E-002
  2.333186202248538E-002
  2.328524493107085E-002
  2.323872098066709E-002
  2.319228998517824E-002
  2.314595175888027E-002
  2.309970611642018E-002
  2.305355287281535E-002
  2.300749184345276E-002
  2.296152284408822E-002
  2.291564569084567E-002
  2.286986020021644E-002
  2.282416618905850E-002
  2.277856347459575E-002
  2.273305187441726E-002
  2.268763120647659E-002
  2.264230128909100E-002
  2.259706194094076E-002
  2.255191298106840E-002
  2.250685422887804E-002
  2.246188550413460E-002
  2.241700662696313E-002
  2.237221741784804E-002
  2.232751769763247E-002
  2.228290728751746E-002
  2.223838600906130E-002
  2.219395368417884E-002
  2.214961013514070E-002
  2.210535518457263E-002
  2.206118865545478E-002
  2.201711037112097E-002
  2.197312015525799E-002
  2.192921783190493E-002
  2.188540322545245E-002
  2.184167616064204E-002
  2.179803646256540E-002
  2.175448395666367E-002
  2.171101846872678E-002
  2.166763982489271E-002
  2.162434785164682E-002
  2.158114237582118E-002
  2.153802322459381E-002
  2.149499022548806E-002
  2.145204320637188E-002
  2.140918199545712E-002
  2.136640642129889E-002
  2.132371631279483E-002
  2.128111149918446E-002
  2.123859181004845E-002
  2.119615707530800E-002
  2.115380712522411E-002
  2.111154179039694E-002
  2.106936090176508E-002
  2.102726429060492E-002
  2.098525178852995E-002
  2.094332322749011E-002
  2.090147843977111E-002
  2.085971725799375E-002
  2.081803951511322E-002
  2.077644504441851E-002
  2.073493367953168E-002
  2.069350525440722E-002
  2.065215960333136E-002
  2.061089656092146E-002
  2.056971596212529E-002
  2.052861764222038E-002
  2.048760143681341E-002
  2.044666718183951E-002
  2.040581471356160E-002
  2.036504386856975E-002
  2.032435448378053E-002
  2.028374639643634E-002
  2.024321944410478E-002
  2.020277346467799E-002
  2.016240829637200E-002
  2.012212377772608E-002
  2.008191974760209E-002
  2.004179604518387E-002
  2.000175250997656E-002
  1.996178898180594E-002
  1.992190530081787E-002
  1.988210130747757E-002
  1.984237684256901E-002
  1.980273174719428E-002
  1.976316586277295E-002
  1.972367903104141E-002
  1.968427109405229E-002
  1.964494189417380E-002
  1.960569127408908E-002
  1.956651907679559E-002
  1.952742514560450E-002
  1.948840932414003E-002
  1.944947145633883E-002
  1.941061138644940E-002
  1.937182895903139E-002
  1.933312401895504E-002
  1.929449641140055E-002
  1.925594598185744E-002
  1.921747257612393E-002
  1.917907604030634E-002
  1.914075622081849E-002
  1.910251296438105E-002
  1.906434611802092E-002
  1.902625552907069E-002
  1.898824104516794E-002
  1.895030251425469E-002
  1.891243978457677E-002
  1.887465270468320E-002
  1.883694112342562E-002
  1.879930488995765E-002
  1.876174385373430E-002
  1.872425786451139E-002
  1.868684677234489E-002
  1.864951042759041E-002
  1.861224868090249E-002
  1.857506138323413E-002
  1.853794838583605E-002
  1.850090954025624E-002
  1.846394469833926E-002
  1.842705371222569E-002
  1.839023643435154E-002
  1.835349271744765E-002
  1.831682241453910E-002
  1.828022537894463E-002
  1.824370146427605E-002
  1.820725052443765E-002
  1.817087241362562E-002
  1.813456698632748E-002
  1.809833409732146E-002
  1.806217360167596E-002
  1.802608535474895E-002
  1.799006921218739E-002
  1.795412502992667E-002
  1.791825266419000E-002
  1.788245197148789E-002
  1.784672280861751E-002
  1.781106503266216E-002
  1.777547850099068E-002
  1.773996307125691E-002
  1.770451860139908E-002
  1.766914494963926E-002
  1.763384197448280E-002
  1.759860953471774E-002
  1.756344748941429E-002
  1.752835569792421E-002
  1.749333401988029E-002
  1.745838231519578E-002
  1.742350044406381E-002
  1.738868826695685E-002
  1.735394564462614E-002
  1.731927243810115E-002
  1.728466850868901E-002
  1.725013371797394E-002
  1.721566792781675E-002
  1.718127100035422E-002
  1.714694279799860E-002
  1.711268318343703E-002
  1.707849201963102E-002
  1.704436916981586E-002
  1.701031449750010E-002
  1.697632786646501E-002
  1.694240914076402E-002
  1.690855818472219E-002
  1.687477486293564E-002
  1.684105904027105E-002
  1.680741058186506E-002
  1.677382935312381E-002
  1.674031521972234E-002
  1.670686804760407E-002
  1.667348770298027E-002
  1.664017405232951E-002
  1.660692696239714E-002
  1.657374630019477E-002
  1.654063193299970E-002
  1.650758372835441E-002
  1.647460155406605E-002
  1.644168527820587E-002
  1.640883476910873E-002
  1.637604989537254E-002
  1.634333052585776E-002
  1.631067652968688E-002
  1.627808777624387E-002
  1.624556413517366E-002
  1.621310547638166E-002
  1.618071167003318E-002
  1.614838258655295E-002
  1.611611809662461E-002
  1.608391807119014E-002
  1.605178238144939E-002
  1.601971089885958E-002
  1.598770349513472E-002
  1.595576004224516E-002
  1.592388041241704E-002
  1.589206447813180E-002
  1.586031211212566E-002
  1.582862318738912E-002
  1.579699757716644E-002
  1.576543515495512E-002
  1.573393579450545E-002
  1.570249936981993E-002
  1.567112575515283E-002
  1.563981482500964E-002
  1.560856645414661E-002
  1.557738051757021E-002
  1.554625689053664E-002
  1.551519544855137E-002
  1.548419606736857E-002
  1.545325862299069E-002
  1.542238299166791E-002
  1.539156904989766E-002
  1.536081667442413E-002
  1.533012574223778E-002
  1.529949613057484E-002
  1.526892771691682E-002
  1.523842037899002E-002
  1.520797399476506E-002
  1.517758844245636E-002
  1.514726360052166E-002
  1.511699934766156E-002
  1.508679556281901E-002
  1.505665212517882E-002
  1.502656891416721E-002
  1.499654580945129E-002
  1.496658269093861E-002
  1.493667943877664E-002
  1.490683593335235E-002
  1.487705205529167E-002
  1.484732768545904E-002
  1.481766270495695E-002
  1.478805699512543E-002
  1.475851043754162E-002
  1.472902291401923E-002
  1.469959430660814E-002
  1.467022449759387E-002
  1.464091336949716E-002
  1.461166080507344E-002
  1.458246668731243E-002
  1.455333089943761E-002
  1.452425332490579E-002
  1.449523384740664E-002
  1.446627235086220E-002
  1.443736871942645E-002
  1.440852283748484E-002
  1.437973458965378E-002
  1.435100386078026E-002
  1.432233053594131E-002
  1.429371450044360E-002
  1.426515563982295E-002
  1.423665383984389E-002
  1.420820898649916E-002
  1.417982096600932E-002
  1.415148966482226E-002
  1.412321496961272E-002
  1.409499676728189E-002
  1.406683494495693E-002
  1.403872938999050E-002
  1.401067998996035E-002
  1.398268663266884E-002
  1.395474920614250E-002
  1.392686759863159E-002
  1.389904169860966E-002
  1.387127139477304E-002
  1.384355657604050E-002
  1.381589713155272E-002
  1.378829295067189E-002
  1.376074392298124E-002
  1.373324993828464E-002
  1.370581088660610E-002
  1.367842665818938E-002
  1.365109714349753E-002
  1.362382223321246E-002
  1.359660181823448E-002
  1.356943578968191E-002
  1.354232403889058E-002
  1.351526645741347E-002
  1.348826293702021E-002
  1.346131336969668E-002
  1.343441764764458E-002
  1.340757566328098E-002
  1.338078730923792E-002
  1.335405247836193E-002
  1.332737106371365E-002
  1.330074295856741E-002
  1.327416805641073E-002
  1.324764625094398E-002
  1.322117743607989E-002
  1.319476150594318E-002
  1.316839835487008E-002
  1.314208787740796E-002
  1.311582996831488E-002
  1.308962452255915E-002
  1.306347143531896E-002
  1.303737060198194E-002
  1.301132191814471E-002
  1.298532527961250E-002
  1.295938058239872E-002
  1.293348772272455E-002
  1.290764659701851E-002
  1.288185710191607E-002
  1.285611913425922E-002
  1.283043259109605E-002
  1.280479736968035E-002
  1.277921336747120E-002
  1.275368048213255E-002
  1.272819861153284E-002
  1.270276765374455E-002
  1.267738750704381E-002
  1.265205806991000E-002
  1.262677924102534E-002
  1.260155091927448E-002
  1.257637300374410E-002
  1.255124539372251E-002
  1.252616798869922E-002
  1.250114068836459E-002
  1.247616339260938E-002
  1.245123600152438E-002
  1.242635841539998E-002
  1.240153053472581E-002
  1.237675226019033E-002
  1.235202349268038E-002
  1.232734413328087E-002
  1.230271408327433E-002
  1.227813324414053E-002
  1.225360151755608E-002
  1.222911880539403E-002
  1.220468500972351E-002
  1.218030003280930E-002
  1.215596377711147E-002
  1.213167614528495E-002
  1.210743704017918E-002
  1.208324636483772E-002
  1.205910402249783E-002
  1.203500991659011E-002
  1.201096395073810E-002
  1.198696602875791E-002
  1.196301605465783E-002
  1.193911393263791E-002
  1.191525956708963E-002
  1.189145286259552E-002
  1.186769372392871E-002
  1.184398205605262E-002
  1.182031776412054E-002
  1.179670075347528E-002
  1.177313092964876E-002
  1.174960819836166E-002
  1.172613246552302E-002
  1.170270363722987E-002
  1.167932161976688E-002
  1.165598631960594E-002
  1.163269764340582E-002
  1.160945549801179E-002
  1.158625979045522E-002
  1.156311042795327E-002
  1.154000731790844E-002
  1.151695036790828E-002
  1.149393948572494E-002
  1.147097457931487E-002
  1.144805555681841E-002
  1.142518232655944E-002
  1.140235479704501E-002
  1.137957287696498E-002
  1.135683647519162E-002
  1.133414550077931E-002
  1.131149986296411E-002
  1.128889947116345E-002
  1.126634423497572E-002
  1.124383406417996E-002
  1.122136886873544E-002
  1.119894855878136E-002
  1.117657304463644E-002
  1.115424223679861E-002
  1.113195604594460E-002
  1.110971438292961E-002
  1.108751715878697E-002
  1.106536428472774E-002
  1.104325567214041E-002
  1.102119123259050E-002
  1.099917087782020E-002
  1.097719451974809E-002
  1.095526207046869E-002
  1.093337344225218E-002
  1.091152854754401E-002
  1.088972729896458E-002
  1.086796960930887E-002
  1.084625539154609E-002
  1.082458455881933E-002
  1.080295702444525E-002
  1.078137270191366E-002
  1.075983150488726E-002
  1.073833334720122E-002
  1.071687814286289E-002
  1.069546580605142E-002
  1.067409625111744E-002
  1.065276939258269E-002
  1.063148514513972E-002
  1.061024342365150E-002
  1.058904414315112E-002
  1.056788721884144E-002
  1.054677256609472E-002
  1.052570010045233E-002
  1.050466973762437E-002
  1.048368139348937E-002
  1.046273498409392E-002
  1.044183042565236E-002
  1.042096763454643E-002
  1.040014652732492E-002
  1.037936702070340E-002
  1.035862903156379E-002
  1.033793247695413E-002
  1.031727727408815E-002
  1.029666334034503E-002
  1.027609059326900E-002
  1.025555895056904E-002
  1.023506833011856E-002
  1.021461864995504E-002
  1.019420982827975E-002
  1.017384178345736E-002
  1.015351443401567E-002
  1.013322769864525E-002
  1.011298149619914E-002
  1.009277574569250E-002
  1.007261036630229E-002
  1.005248527736699E-002
  1.003240039838619E-002
  1.001235564902037E-002
  9.992350949090491E-003
  9.972386218577732E-003
  9.952461377623144E-003
  9.932576346527338E-003
  9.912731045750160E-003
  9.892925395910381E-003
  9.873159317785377E-003
  9.853432732310811E-003
  9.833745560580311E-003
  9.814097723845163E-003
  9.794489143513999E-003
  9.774919741152466E-003
  9.755389438482930E-003
  9.735898157384158E-003
  9.716445819890994E-003
  9.697032348194069E-003
  9.677657664639461E-003
  9.658321691728417E-003
  9.639024352117021E-003
  9.619765568615882E-003
  9.600545264189846E-003
  9.581363361957666E-003
  9.562219785191707E-003
  9.543114457317642E-003
  9.524047301914130E-003
  9.505018242712522E-003
  9.486027203596559E-003
  9.467074108602060E-003
  9.448158881916618E-003
  9.429281447879301E-003
  9.410441730980346E-003
  9.391639655860861E-003
  9.372875147312523E-003
  9.354148130277273E-003
  9.335458529847015E-003
  9.316806271263325E-003
  9.298191279917139E-003
  9.279613481348474E-003
  9.261072801246105E-003
  9.242569165447290E-003
  9.224102499937461E-003
  9.205672730849929E-003
  9.187279784465594E-003
  9.168923587212649E-003
  9.150604065666278E-003
  9.132321146548368E-003
  9.114074756727224E-003
  9.095864823217255E-003
  9.077691273178709E-003
  9.059554033917359E-003
  9.041453032884224E-003
  9.023388197675276E-003
  9.005359456031150E-003
  8.987366735836857E-003
  8.969409965121489E-003
  8.951489072057941E-003
  8.933603984962618E-003
  8.915754632295146E-003
  8.897940942658090E-003
  8.880162844796665E-003
  8.862420267598464E-003
  8.844713140093149E-003
  8.827041391452189E-003
  8.809404950988562E-003
  8.791803748156484E-003
  8.774237712551123E-003
  8.756706773908310E-003
  8.739210862104267E-003
  8.721749907155327E-003
  8.704323839217643E-003
  8.686932588586924E-003
  8.669576085698140E-003
  8.652254261125257E-003
  8.634967045580956E-003
  8.617714369916351E-003
  8.600496165120715E-003
  8.583312362321207E-003
  8.566162892782593E-003
  8.549047687906972E-003
  8.531966679233500E-003
  8.514919798438120E-003
  8.497906977333290E-003
  8.480928147867698E-003
  8.463983242126005E-003
  8.447072192328568E-003
  8.430194930831161E-003
  8.413351390124718E-003
  8.396541502835055E-003
  8.379765201722596E-003
  8.363022419682117E-003
  8.346313089742468E-003
  8.329637145066307E-003
  8.312994518949832E-003
  8.296385144822517E-003
  8.279808956246842E-003
  8.263265886918033E-003
  8.246755870663789E-003
  8.230278841444026E-003
  8.213834733350602E-003
  8.197423480607062E-003
  8.181045017568372E-003
  8.164699278720662E-003
  8.148386198680954E-003
  8.132105712196904E-003
  8.115857754146548E-003
  8.099642259538025E-003
  8.083459163509343E-003
  8.067308401328091E-003
  8.051189908391201E-003
  8.035103620224682E-003
  8.019049472483355E-003
  8.003027400950611E-003
  7.987037341538142E-003
  7.971079230285689E-003
  7.955153003360785E-003
  7.939258597058501E-003
  7.923395947801191E-003
  7.907564992138238E-003
  7.891765666745796E-003
  7.875997908426543E-003
  7.860261654109425E-003
  7.844556840849405E-003
  7.828883405827207E-003
  7.813241286349073E-003
  7.797630419846499E-003
  7.782050743876001E-003
  7.766502196118854E-003
  7.750984714380850E-003
  7.735498236592037E-003
  7.720042700806483E-003
  7.704618045202026E-003
  7.689224208080023E-003
  7.673861127865104E-003
  7.658528743104929E-003
  7.643226992469936E-003
  7.627955814753106E-003
  7.612715148869706E-003
  7.597504933857050E-003
  7.582325108874259E-003
  7.567175613202015E-003
  7.552056386242311E-003
  7.536967367518223E-003
  7.521908496673654E-003
  7.506879713473100E-003
  7.491880957801410E-003
  7.476912169663542E-003
  7.461973289184320E-003
  7.447064256608206E-003
  7.432185012299047E-003
  7.417335496739844E-003
  7.402515650532520E-003
  7.387725414397668E-003
  7.372964729174325E-003
  7.358233535819727E-003
  7.343531775409085E-003
  7.328859389135336E-003
  7.314216318308915E-003
  7.299602504357520E-003
  7.285017888825873E-003
  7.270462413375497E-003
  7.255936019784468E-003
  7.241438649947194E-003
  7.226970245874173E-003
  7.212530749691773E-003
  7.198120103641989E-003
  7.183738250082215E-003
  7.169385131485021E-003
  7.155060690437914E-003
  7.140764869643106E-003
  7.126497611917297E-003
  7.112258860191439E-003
  7.098048557510506E-003
  7.083866647033266E-003
  7.069713072032058E-003
  7.055587775892567E-003
  7.041490702113583E-003
  7.027421794306796E-003
  7.013380996196560E-003
  6.999368251619658E-003
  6.985383504525096E-003
  6.971426698973867E-003
  6.957497779138727E-003
  6.943596689303980E-003
  6.929723373865251E-003
  6.915877777329255E-003
  6.902059844313591E-003
  6.888269519546505E-003
  6.874506747866682E-003
  6.860771474223018E-003
  6.847063643674395E-003
  6.833383201389478E-003
  6.819730092646478E-003
  6.806104262832942E-003
  6.792505657445533E-003
  6.778934222089807E-003
  6.765389902480010E-003
  6.751872644438845E-003
  6.738382393897259E-003
  6.724919096894232E-003
  6.711482699576561E-003
  6.698073148198637E-003
  6.684690389122237E-003
  6.671334368816304E-003
  6.658005033856744E-003
  6.644702330926196E-003
  6.631426206813832E-003
  6.618176608415135E-003
  6.604953482731695E-003
  6.591756776870994E-003
  6.578586438046190E-003
  6.565442413575908E-003
  6.552324650884035E-003
  6.539233097499503E-003
  6.526167701056079E-003
  6.513128409292161E-003
  6.500115170050566E-003
  6.487127931278317E-003
  6.474166641026442E-003
  6.461231247449762E-003
  6.448321698806687E-003
  6.435437943459007E-003
  6.422579929871681E-003
  6.409747606612636E-003
  6.396940922352566E-003
  6.384159825864716E-003
  6.371404266024681E-003
  6.358674191810206E-003
  6.345969552300974E-003
  6.333290296678412E-003
  6.320636374225480E-003
  6.308007734326474E-003
  6.295404326466816E-003
  6.282826100232859E-003
  6.270273005311679E-003
  6.257744991490882E-003
  6.245242008658393E-003
  6.232764006802268E-003
  6.220310936010480E-003
  6.207882746470729E-003
  6.195479388470238E-003
  6.183100812395565E-003
  6.170746968732385E-003
  6.158417808065305E-003
  6.146113281077673E-003
  6.133833338551359E-003
  6.121577931366576E-003
  6.109347010501681E-003
  6.097140527032973E-003
  6.084958432134504E-003
  6.072800677077877E-003
  6.060667213232056E-003
  6.048557992063166E-003
  6.036472965134311E-003
  6.024412084105364E-003
  6.012375300732787E-003
  6.000362566869430E-003
  5.988373834464340E-003
  5.976409055562572E-003
  5.964468182304995E-003
  5.952551166928102E-003
  5.940657961763811E-003
  5.928788519239290E-003
  5.916942791876747E-003
  5.905120732293263E-003
  5.893322293200582E-003
  5.881547427404931E-003
  5.869796087806833E-003
  5.858068227400912E-003
  5.846363799275713E-003
  5.834682756613504E-003
  5.823025052690101E-003
  5.811390640874675E-003
  5.799779474629561E-003
  5.788191507510077E-003
  5.776626693164341E-003
  5.765084985333078E-003
  5.753566337849444E-003
  5.742070704638833E-003
  5.730598039718696E-003
  5.719148297198361E-003
  5.707721431278839E-003
  5.696317396252652E-003
  5.684936146503646E-003
  5.673577636506806E-003
  5.662241820828077E-003
  5.650928654124179E-003
  5.639638091142433E-003
  5.628370086720572E-003
  5.617124595786560E-003
  5.605901573358422E-003
  5.594700974544053E-003
  5.583522754541040E-003
  5.572366868636491E-003
  5.561233272206844E-003
  5.550121920717703E-003
  5.539032769723647E-003
  5.527965774868053E-003
  5.516920891882928E-003
  5.505898076588728E-003
  5.494897284894174E-003
  5.483918472796087E-003
  5.472961596379203E-003
  5.462026611816002E-003
  5.451113475366531E-003
  5.440222143378231E-003
  5.429352572285757E-003
  5.418504718610812E-003
  5.407678538961966E-003
  5.396873990034486E-003
  5.386091028610162E-003
  5.375329611557134E-003
  5.364589695829719E-003
  5.353871238468240E-003
  5.343174196598854E-003
  5.332498527433377E-003
  5.321844188269121E-003
  5.311211136488712E-003
  5.300599329559934E-003
  5.290008725035538E-003
  5.279439280553097E-003
  5.268890953834818E-003
  5.258363702687380E-003
  5.247857485001763E-003
  5.237372258753084E-003
  5.226907982000422E-003
  5.216464612886658E-003
  5.206042109638301E-003
  5.195640430565322E-003
  5.185259534060994E-003
  5.174899378601717E-003
  5.164559922746853E-003
  5.154241125138567E-003
  5.143942944501653E-003
  5.133665339643377E-003
  5.123408269453305E-003
  5.113171692903140E-003
  5.102955569046564E-003
  5.092759857019070E-003
  5.082584516037793E-003
  5.072429505401357E-003
  5.062294784489705E-003
  5.052180312763942E-003
  5.042086049766167E-003
  5.032011955119314E-003
  5.021957988526988E-003
  5.011924109773315E-003
  5.001910278722762E-003
  4.991916455319993E-003
  4.981942599589700E-003
  4.971988671636451E-003
  4.962054631644516E-003
  4.952140439877724E-003
  4.942246056679296E-003
  4.932371442471682E-003
  4.922516557756415E-003
  4.912681363113942E-003
  4.902865819203471E-003
  4.893069886762815E-003
  4.883293526608230E-003
  4.873536699634264E-003
  4.863799366813595E-003
  4.854081489196876E-003
  4.844383027912587E-003
  4.834703944166870E-003
  4.825044199243375E-003
  4.815403754503111E-003
  4.805782571384285E-003
  4.796180611402153E-003
  4.786597836148861E-003
  4.777034207293294E-003
  4.767489686580926E-003
  4.757964235833662E-003
  4.748457816949685E-003
  4.738970391903306E-003
  4.729501922744813E-003
  4.720052371600319E-003
  4.710621700671603E-003
  4.701209872235970E-003
  4.691816848646097E-003
  4.682442592329873E-003
  4.673087065790262E-003
  4.663750231605145E-003
  4.654432052427171E-003
  4.645132490983612E-003
  4.635851510076213E-003
  4.626589072581034E-003
  4.617345141448313E-003
  4.608119679702317E-003
  4.598912650441185E-003
  4.589724016836784E-003
  4.580553742134571E-003
  4.571401789653433E-003
  4.562268122785549E-003
  4.553152704996240E-003
  4.544055499823822E-003
  4.534976470879461E-003
  4.525915581847032E-003
  4.516872796482963E-003
  4.507848078616103E-003
  4.498841392147569E-003
  4.489852701050602E-003
  4.480881969370425E-003
  4.471929161224100E-003
  4.462994240800381E-003
  4.454077172359577E-003
  4.445177920233402E-003
  4.436296448824834E-003
  4.427432722607977E-003
  4.418586706127913E-003
  4.409758364000565E-003
  4.400947660912552E-003
  4.392154561621052E-003
  4.383379030953655E-003
  4.374621033808226E-003
  4.365880535152762E-003
  4.357157500025264E-003
  4.348451893533573E-003
  4.339763680855255E-003
  4.331092827237447E-003
  4.322439297996722E-003
  4.313803058518952E-003
  4.305184074259167E-003
  4.296582310741421E-003
  4.287997733558646E-003
  4.279430308372523E-003
  4.270880000913338E-003
  4.262346776979853E-003
  4.253830602439159E-003
  4.245331443226546E-003
  4.236849265345366E-003
  4.228384034866898E-003
  4.219935717930207E-003
  4.211504280742013E-003
  4.203089689576558E-003
  4.194691910775465E-003
  4.186310910747608E-003
  4.177946655968976E-003
  4.169599112982540E-003
  4.161268248398114E-003
  4.152954028892229E-003
  4.144656421207998E-003
  4.136375392154977E-003
  4.128110908609041E-003
  4.119862937512242E-003
  4.111631445872689E-003
  4.103416400764400E-003
  4.095217769327185E-003
  4.087035518766508E-003
  4.078869616353356E-003
  4.070720029424109E-003
  4.062586725380405E-003
  4.054469671689021E-003
  4.046368835881728E-003
  4.038284185555174E-003
  4.030215688370746E-003
  4.022163312054447E-003
  4.014127024396758E-003
  4.006106793252521E-003
  3.998102586540796E-003
  3.990114372244749E-003
  3.982142118411510E-003
  3.974185793152056E-003
  3.966245364641074E-003
  3.958320801116837E-003
  3.950412070881083E-003
  3.942519142298880E-003
  3.934641983798502E-003
  3.926780563871306E-003
  3.918934851071601E-003
  3.911104814016526E-003
  3.903290421385920E-003
  3.895491641922205E-003
  3.887708444430252E-003
  3.879940797777260E-003
  3.872188670892632E-003
  3.864452032767850E-003
  3.856730852456353E-003
  3.849025099073407E-003
  3.841334741795991E-003
  3.833659749862663E-003
  3.826000092573445E-003
  3.818355739289700E-003
  3.810726659434003E-003
  3.803112822490025E-003
  3.795514198002408E-003
  3.787930755576643E-003
  3.780362464878951E-003
  3.772809295636159E-003
  3.765271217635581E-003
  3.757748200724892E-003
  3.750240214812018E-003
  3.742747229865004E-003
  3.735269215911898E-003
  3.727806143040636E-003
  3.720357981398918E-003
  3.712924701194085E-003
  3.705506272693007E-003
  3.698102666221961E-003
  3.690713852166510E-003
  3.683339800971389E-003
  3.675980483140384E-003
  3.668635869236212E-003
  3.661305929880408E-003
  3.653990635753206E-003
  3.646689957593418E-003
  3.639403866198323E-003
  3.632132332423545E-003
  3.624875327182941E-003
  3.617632821448479E-003
  3.610404786250126E-003
  3.603191192675732E-003
  3.595992011870911E-003
  3.588807215038934E-003
  3.581636773440602E-003
  3.574480658394138E-003
  3.567338841275074E-003
  3.560211293516133E-003
  3.553097986607111E-003
  3.545998892094774E-003
  3.538913981582733E-003
  3.531843226731337E-003
  3.524786599257558E-003
  3.517744070934875E-003
  3.510715613593166E-003
  3.503701199118592E-003
  3.496700799453487E-003
  3.489714386596241E-003
  3.482741932601195E-003
  3.475783409578523E-003
  3.468838789694124E-003
  3.461908045169508E-003
  3.454991148281689E-003
  3.448088071363070E-003
  3.441198786801334E-003
  3.434323267039332E-003
  3.427461484574978E-003
  3.420613411961134E-003
  3.413779021805498E-003
  3.406958286770500E-003
  3.400151179573192E-003
  3.393357672985136E-003
  3.386577739832297E-003
  3.379811352994932E-003
  3.373058485407485E-003
  3.366319110058478E-003
  3.359593199990399E-003
  3.352880728299599E-003
  3.346181668136184E-003
  3.339495992703901E-003
  3.332823675260043E-003
  3.326164689115329E-003
  3.319519007633806E-003
  3.312886604232741E-003
  3.306267452382509E-003
  3.299661525606495E-003
  3.293068797480983E-003
  3.286489241635053E-003
  3.279922831750470E-003
  3.273369541561588E-003
  3.266829344855237E-003
  3.260302215470620E-003
  3.253788127299213E-003
  3.247287054284653E-003
  3.240798970422641E-003
  3.234323849760830E-003
  3.227861666398732E-003
  3.221412394487603E-003
  3.214976008230347E-003
  3.208552481881411E-003
  3.202141789746680E-003
  3.195743906183378E-003
  3.189358805599961E-003
  3.182986462456018E-003
  3.176626851262170E-003
  3.170279946579963E-003
  3.163945723021770E-003
  3.157624155250687E-003
  3.151315217980435E-003
  3.145018885975257E-003
  3.138735134049816E-003
  3.132463937069096E-003
  3.126205269948301E-003
  3.119959107652754E-003
  3.113725425197798E-003
  3.107504197648694E-003
  3.101295400120524E-003
  3.095099007778089E-003
  3.088914995835812E-003
  3.082743339557637E-003
  3.076584014256931E-003
  3.070436995296384E-003
  3.064302258087912E-003
  3.058179778092558E-003
  3.052069530820394E-003
  3.045971491830422E-003
  3.039885636730480E-003
  3.033811941177138E-003
  3.027750380875605E-003
  3.021700931579633E-003
  3.015663569091417E-003
  3.009638269261497E-003
  3.003625007988668E-003
  2.997623761219875E-003
  2.991634504950124E-003
  2.985657215222381E-003
  2.979691868127481E-003
  2.973738439804026E-003
  2.967796906438295E-003
  2.961867244264147E-003
  2.955949429562924E-003
  2.950043438663362E-003
  2.944149247941487E-003
  2.938266833820530E-003
  2.932396172770825E-003
  2.926537241309722E-003
  2.920690016001485E-003
  2.914854473457207E-003
  2.909030590334709E-003
  2.903218343338452E-003
  2.897417709219439E-003
  2.891628664775126E-003
  2.885851186849327E-003
  2.880085252332123E-003
  2.874330838159769E-003
  2.868587921314601E-003
  2.862856478824942E-003
  2.857136487765016E-003
  2.851427925254850E-003
  2.845730768460187E-003
  2.840044994592392E-003
  2.834370580908362E-003
  2.828707504710436E-003
  2.823055743346300E-003
  2.817415274208901E-003
  2.811786074736355E-003
  2.806168122411857E-003
  2.800561394763591E-003
  2.794965869364638E-003
  2.789381523832889E-003
  2.783808335830955E-003
  2.778246283066076E-003
  2.772695343290033E-003
  2.767155494299060E-003
  2.761626713933753E-003
  2.756108980078985E-003
  2.750602270663812E-003
  2.745106563661389E-003
  2.739621837088881E-003
  2.734148069007375E-003
  2.728685237521789E-003
  2.723233320780792E-003
  2.717792296976709E-003
  2.712362144345437E-003
  2.706942841166360E-003
  2.701534365762258E-003
  2.696136696499219E-003
  2.690749811786561E-003
  2.685373690076738E-003
  2.680008309865256E-003
  2.674653649690586E-003
  2.669309688134082E-003
  2.663976403819890E-003
  2.658653775414865E-003
  2.653341781628486E-003
  2.648040401212772E-003
  2.642749612962192E-003
  2.637469395713588E-003
  2.632199728346084E-003
  2.626940589781003E-003
  2.621691958981784E-003
  2.616453814953897E-003
  2.611226136744757E-003
  2.606008903443646E-003
  2.600802094181624E-003
  2.595605688131446E-003
  2.590419664507482E-003
  2.585244002565630E-003
  2.580078681603234E-003
  2.574923680959006E-003
  2.569778980012934E-003
  2.564644558186208E-003
  2.559520394941136E-003
  2.554406469781056E-003
  2.549302762250261E-003
  2.544209251933913E-003
  2.539125918457966E-003
  2.534052741489078E-003
  2.528989700734534E-003
  2.523936775942166E-003
  2.518893946900266E-003
  2.513861193437513E-003
  2.508838495422885E-003
  2.503825832765584E-003
  2.498823185414952E-003
  2.493830533360395E-003
  2.488847856631296E-003
  2.483875135296941E-003
  2.478912349466439E-003
  2.473959479288640E-003
  2.469016504952057E-003
  2.464083406684786E-003
  2.459160164754428E-003
  2.454246759468007E-003
  2.449343171171897E-003
  2.444449380251737E-003
  2.439565367132357E-003
  2.434691112277699E-003
  2.429826596190736E-003
  2.424971799413397E-003
  2.420126702526489E-003
  2.415291286149618E-003
  2.410465530941112E-003
  2.405649417597945E-003
  2.400842926855654E-003
  2.396046039488272E-003
  2.391258736308243E-003
  2.386480998166348E-003
  2.381712805951627E-003
  2.376954140591306E-003
  2.372204983050717E-003
  2.367465314333222E-003
  2.362735115480141E-003
  2.358014367570673E-003
  2.353303051721819E-003
  2.348601149088309E-003
  2.343908640862528E-003
  2.339225508274435E-003
  2.334551732591494E-003
  2.329887295118597E-003
  2.325232177197986E-003
  2.320586360209185E-003
  2.315949825568918E-003
  2.311322554731042E-003
  2.306704529186466E-003
  2.302095730463083E-003
  2.297496140125691E-003
  2.292905739775923E-003
  2.288324511052171E-003
  2.283752435629514E-003
  2.279189495219645E-003
  2.274635671570796E-003
  2.270090946467666E-003
  2.265555301731348E-003
  2.261028719219258E-003
  2.256511180825060E-003
  2.252002668478594E-003
  2.247503164145804E-003
  2.243012649828667E-003
  2.238531107565121E-003
  2.234058519428990E-003
  2.229594867529914E-003
  2.225140134013282E-003
  2.220694301060153E-003
  2.216257350887189E-003
  2.211829265746584E-003
  2.207410027925991E-003
  2.202999619748452E-003
  2.198598023572330E-003
  2.194205221791234E-003
  2.189821196833950E-003
  2.185445931164373E-003
  2.181079407281436E-003
  2.176721607719035E-003
  2.172372515045968E-003
  2.168032111865857E-003
  2.163700380817085E-003
  2.159377304572720E-003
  2.155062865840453E-003
  2.150757047362523E-003
  2.146459831915651E-003
  2.142171202310967E-003
  2.137891141393949E-003
  2.133619632044347E-003
  2.129356657176118E-003
  2.125102199737358E-003
  2.120856242710229E-003
  2.116618769110899E-003
  2.112389761989468E-003
  2.108169204429901E-003
  2.103957079549963E-003
  2.099753370501148E-003
  2.095558060468615E-003
  2.091371132671118E-003
  2.087192570360939E-003
  2.083022356823826E-003
  2.078860475378918E-003
  2.074706909378682E-003
  2.070561642208850E-003
  2.066424657288348E-003
  2.062295938069230E-003
  2.058175468036613E-003
  2.054063230708614E-003
  2.049959209636276E-003
  2.045863388403510E-003
  2.041775750627025E-003
  2.037696279956266E-003
  2.033624960073342E-003
  2.029561774692972E-003
  2.025506707562405E-003
  2.021459742461369E-003
  2.017420863201999E-003
  2.013390053628772E-003
  2.009367297618443E-003
  2.005352579079984E-003
  2.001345881954515E-003
  1.997347190215243E-003
  1.993356487867395E-003
  1.989373758948155E-003
