  0.000000000000000E+000
  9.998000233313337E-008
  3.998400373269343E-007
  8.994601889514103E-007
  1.598720597128590E-006
  2.497501457708549E-006
  3.595683022445444E-006
  4.893145598973555E-006
  6.389769550783345E-006
  8.085435297197521E-006
  9.980023313347107E-006
  1.207341413014753E-005
  1.436548833427472E-005
  1.685612656814119E-005
  1.954520952987220E-005
  2.243261797328180E-005
  2.551823270784908E-005
  2.880193459869417E-005
  3.228360456655453E-005
  3.596312358776102E-005
  3.984037269421411E-005
  4.391523297336004E-005
  4.818758556816708E-005
  5.265731167710164E-005
  5.732429255410454E-005
  6.218840950856720E-005
  6.724954390530791E-005
  7.250757716454808E-005
  7.796239076188839E-005
  8.361386622828513E-005
  8.946188515002656E-005
  9.550632916870902E-005
  1.017470799812133E-004
  1.081840193396810E-004
  1.148170290514906E-004
  1.216459909792342E-004
  1.286707870406935E-004
  1.358912992088162E-004
  1.433074095116924E-004
  1.509190000325311E-004
  1.587259529096363E-004
  1.667281503363836E-004
  1.749254745611963E-004
  1.833178078875221E-004
  1.919050326738096E-004
  2.006870313334842E-004
  2.096636863349251E-004
  2.188348802014412E-004
  2.282004955112483E-004
  2.377604148974445E-004
  2.475145210479877E-004
  2.574626967056716E-004
  2.676048246681018E-004
  2.779407877876733E-004
  2.884704689715459E-004
  2.991937511816217E-004
  3.101105174345208E-004
  3.212206508015583E-004
  3.325240344087207E-004
  3.440205514366427E-004
  3.557100851205834E-004
  3.675925187504030E-004
  3.796677356705395E-004
  3.919356192799851E-004
  4.043960530322631E-004
  4.170489204354039E-004
  4.298941050519227E-004
  4.429314904987950E-004
  4.561609604474338E-004
  4.695823986236662E-004
  4.831956888077098E-004
  4.970007148341501E-004
  5.109973605919164E-004
  5.251855100242586E-004
  5.395650471287241E-004
  5.541358559571349E-004
  5.688978206155635E-004
  5.838508252643101E-004
  5.989947541178791E-004
  6.143294914449564E-004
  6.298549215683855E-004
  6.455709288651445E-004
  6.614773977663229E-004
  6.775742127570985E-004
  6.938612583767139E-004
  7.103384192184539E-004
  7.270055799296217E-004
  7.438626252115157E-004
  7.609094398194067E-004
  7.781459085625146E-004
  7.955719163039855E-004
  8.131873479608681E-004
  8.309920885040902E-004
  8.489860229584375E-004
  8.671690364025282E-004
  8.855410139687910E-004
  9.041018408434420E-004
  9.228514022664616E-004
  9.417895835315711E-004
  9.609162699862100E-004
  9.802313470315129E-004
  9.997347001222861E-004
  1.019426214766985E-003
  1.039305776527691E-003
  1.059373271020088E-003
  1.079628583913441E-003
  1.100071600930569E-003
  1.120702207847829E-003
  1.141520290495086E-003
  1.162525734755693E-003
  1.183718426566471E-003
  1.205098251917678E-003
  1.226665096852997E-003
  1.248418847469502E-003
  1.270359389917644E-003
  1.292486610401222E-003
  1.314800395177364E-003
  1.337300630556501E-003
  1.359987202902347E-003
  1.382859998631876E-003
  1.405918904215295E-003
  1.429163806176025E-003
  1.452594591090680E-003
  1.476211145589038E-003
  1.500013356354022E-003
  1.524001110121680E-003
  1.548174293681156E-003
  1.572532793874670E-003
  1.597076497597497E-003
  1.621805291797942E-003
  1.646719063477318E-003
  1.671817699689923E-003
  1.697101087543017E-003
  1.722569114196801E-003
  1.748221666864390E-003
  1.774058632811798E-003
  1.800079899357905E-003
  1.826285353874443E-003
  1.852674883785970E-003
  1.879248376569846E-003
  1.906005719756214E-003
  1.932946800927972E-003
  1.960071507720755E-003
  1.987379727822912E-003
  2.014871348975480E-003
  2.042546258972164E-003
  2.070404345659315E-003
  2.098445496935903E-003
  2.126669600753505E-003
  2.155076545116266E-003
  2.183666218080892E-003
  2.212438507756617E-003
  2.241393302305187E-003
  2.270530489940834E-003
  2.299849958930253E-003
  2.329351597592583E-003
  2.359035294299381E-003
  2.388900937474599E-003
  2.418948415594568E-003
  2.449177617187965E-003
  2.479588430835800E-003
  2.510180745171388E-003
  2.540954448880330E-003
  2.571909430700487E-003
  2.603045579421960E-003
  2.634362783887067E-003
  2.665860932990320E-003
  2.697539915678405E-003
  2.729399620950155E-003
  2.761439937856531E-003
  2.793660755500600E-003
  2.826061963037511E-003
  2.858643449674473E-003
  2.891405104670732E-003
  2.924346817337551E-003
  2.957468477038183E-003
  2.990769973187855E-003
  3.024251195253741E-003
  3.057912032754941E-003
  3.091752375262460E-003
  3.125772112399181E-003
  3.159971133839851E-003
  3.194349329311049E-003
  3.228906588591172E-003
  3.263642801510408E-003
  3.298557857950714E-003
  3.333651647845798E-003
  3.368924061181092E-003
  3.404374987993727E-003
  3.440004318372523E-003
  3.475811942457955E-003
  3.511797750442133E-003
  3.547961632568784E-003
  3.584303479133227E-003
  3.620823180482350E-003
  3.657520627014591E-003
  3.694395709179912E-003
  3.731448317479780E-003
  3.768678342467142E-003
  3.806085674746406E-003
  3.843670204973417E-003
  3.881431823855435E-003
  3.919370422151112E-003
  3.957485890670473E-003
  3.995778120274893E-003
  4.034247001877071E-003
  4.072892426441011E-003
  4.111714284982001E-003
  4.150712468566590E-003
  4.189886868312565E-003
  4.229237375388929E-003
  4.268763881015881E-003
  4.308466276464792E-003
  4.348344453058183E-003
  4.388398302169707E-003
  4.428627715224119E-003
  4.469032583697260E-003
  4.509612799116036E-003
  4.550368253058392E-003
  4.591298837153290E-003
  4.632404443080692E-003
  4.673684962571537E-003
  4.715140287407711E-003
  4.756770309422034E-003
  4.798574920498239E-003
  4.840554012570939E-003
  4.882707477625618E-003
  4.925035207698602E-003
  4.967537094877038E-003
  5.010213031298875E-003
  5.053062909152839E-003
  5.096086620678409E-003
  5.139284058165803E-003
  5.182655113955951E-003
  5.226199680440470E-003
  5.269917650061651E-003
  5.313808915312429E-003
  5.357873368736365E-003
  5.402110902927627E-003
  5.446521410530955E-003
  5.491104784241661E-003
  5.535860916805586E-003
  5.580789701019099E-003
  5.625891029729050E-003
  5.671164795832771E-003
  5.716610892278044E-003
  5.762229212063080E-003
  5.808019648236498E-003
  5.853982093897302E-003
  5.900116442194865E-003
  5.946422586328898E-003
  5.992900419549436E-003
  6.039549835156813E-003
  6.086370726501646E-003
  6.133362986984800E-003
  6.180526510057381E-003
  6.227861189220707E-003
  6.275366918026285E-003
  6.323043590075796E-003
  6.370891099021064E-003
  6.418909338564046E-003
  6.467098202456802E-003
  6.515457584501474E-003
  6.563987378550270E-003
  6.612687478505437E-003
  6.661557778319239E-003
  6.710598171993938E-003
  6.759808553581777E-003
  6.809188817184947E-003
  6.858738856955575E-003
  6.908458567095703E-003
  6.958347841857259E-003
  7.008406575542038E-003
  7.058634662501688E-003
  7.109031997137681E-003
  7.159598473901292E-003
  7.210333987293575E-003
  7.261238431865352E-003
  7.312311702217185E-003
  7.363553692999349E-003
  7.414964298911823E-003
  7.466543414704257E-003
  7.518290935175954E-003
  7.570206755175859E-003
  7.622290769602519E-003
  7.674542873404078E-003
  7.726962961578245E-003
  7.779550929172281E-003
  7.832306671282967E-003
  7.885230083056595E-003
  7.938321059688941E-003
  7.991579496425235E-003
  8.045005288560158E-003
  8.098598331437808E-003
  8.152358520451684E-003
  8.206285751044652E-003
  8.260379918708947E-003
  8.314640918986134E-003
  8.369068647467087E-003
  8.423662999791982E-003
  8.478423871650256E-003
  8.533351158780601E-003
  8.588444756970941E-003
  8.643704562058402E-003
  8.699130469929296E-003
  8.754722376519109E-003
  8.810480177812462E-003
  8.866403769843097E-003
  8.922493048693868E-003
  8.978747910496705E-003
  9.035168251432591E-003
  9.091753967731559E-003
  9.148504955672650E-003
  9.205421111583907E-003
  9.262502331842342E-003
  9.319748512873925E-003
  9.377159551153563E-003
  9.434735343205065E-003
  9.492475785601138E-003
  9.550380774963356E-003
  9.608450207962143E-003
  9.666683981316747E-003
  9.725081991795226E-003
  9.783644136214428E-003
  9.842370311439953E-003
  9.901260414386158E-003
  9.960314342016113E-003
  1.001953199134160E-002
  1.007891325942306E-002
  1.013845804336962E-002
  1.019816624033903E-002
  1.025803774753767E-002
  1.031807246222050E-002
  1.037827028169106E-002
  1.043863110330146E-002
  1.049915482445233E-002
  1.055984134259281E-002
  1.062069055522055E-002
  1.068170235988165E-002
  1.074287665417067E-002
  1.080421333573061E-002
  1.086571230225286E-002
  1.092737345147721E-002
  1.098919668119181E-002
  1.105118188923316E-002
  1.111332897348609E-002
  1.117563783188373E-002
  1.123810836240749E-002
  1.130074046308704E-002
  1.136353403200030E-002
  1.142648896727342E-002
  1.148960516708073E-002
  1.155288252964476E-002
  1.161632095323617E-002
  1.167992033617380E-002
  1.174368057682457E-002
  1.180760157360351E-002
  1.187168322497374E-002
  1.193592542944641E-002
  1.200032808558073E-002
  1.206489109198390E-002
  1.212961434731113E-002
  1.219449775026560E-002
  1.225954119959843E-002
  1.232474459410868E-002
  1.239010783264334E-002
  1.245563081409725E-002
  1.252131343741315E-002
  1.258715560158162E-002
  1.265315720564105E-002
  1.271931814867768E-002
  1.278563832982550E-002
  1.285211764826628E-002
  1.291875600322952E-002
  1.298555329399247E-002
  1.305250941988007E-002
  1.311962428026495E-002
  1.318689777456739E-002
  1.325432980225533E-002
  1.332192026284433E-002
  1.338966905589753E-002
  1.345757608102568E-002
  1.352564123788708E-002
  1.359386442618757E-002
  1.366224554568049E-002
  1.373078449616673E-002
  1.379948117749460E-002
  1.386833548955990E-002
  1.393734733230586E-002
  1.400651660572315E-002
  1.407584320984980E-002
  1.414532704477123E-002
  1.421496801062022E-002
  1.428476600757690E-002
  1.435472093586869E-002
  1.442483269577031E-002
  1.449510118760378E-002
  1.456552631173833E-002
  1.463610796859046E-002
  1.470684605862386E-002
  1.477774048234944E-002
  1.484879114032526E-002
  1.491999793315654E-002
  1.499136076149562E-002
  1.506287952604198E-002
  1.513455412754216E-002
  1.520638446678978E-002
  1.527837044462553E-002
  1.535051196193711E-002
  1.542280891965923E-002
  1.549526121877360E-002
  1.556786876030890E-002
  1.564063144534074E-002
  1.571354917499169E-002
  1.578662185043121E-002
  1.585984937287565E-002
  1.593323164358822E-002
  1.600676856387899E-002
  1.608046003510486E-002
  1.615430595866953E-002
  1.622830623602349E-002
  1.630246076866400E-002
  1.637676945813507E-002
  1.645123220602743E-002
  1.652584891397851E-002
  1.660061948367245E-002
  1.667554381684004E-002
  1.675062181525870E-002
  1.682585338075252E-002
  1.690123841519216E-002
  1.697677682049487E-002
  1.705246849862449E-002
  1.712831335159138E-002
  1.720431128145243E-002
  1.728046219031106E-002
  1.735676598031714E-002
  1.743322255366702E-002
  1.750983181260351E-002
  1.758659365941583E-002
  1.766350799643961E-002
  1.774057472605686E-002
  1.781779375069597E-002
  1.789516497283165E-002
  1.797268829498496E-002
  1.805036361972326E-002
  1.812819084966018E-002
  1.820616988745564E-002
  1.828430063581578E-002
  1.836258299749299E-002
  1.844101687528585E-002
  1.851960217203912E-002
  1.859833879064375E-002
  1.867722663403682E-002
  1.875626560520154E-002
  1.883545560716721E-002
  1.891479654300925E-002
  1.899428831584910E-002
  1.907393082885429E-002
  1.915372398523836E-002
  1.923366768826084E-002
  1.931376184122728E-002
  1.939400634748918E-002
  1.947440111044397E-002
  1.955494603353502E-002
  1.963564102025163E-002
  1.971648597412896E-002
  1.979748079874804E-002
  1.987862539773575E-002
  1.995991967476482E-002
  2.004136353355375E-002
  2.012295687786687E-002
  2.020469961151423E-002
  2.028659163835170E-002
  2.036863286228080E-002
  2.045082318724881E-002
  2.053316251724868E-002
  2.061565075631903E-002
  2.069828780854415E-002
  2.078107357805394E-002
  2.086400796902392E-002
  2.094709088567520E-002
  2.103032223227446E-002
  2.111370191313393E-002
  2.119722983261137E-002
  2.128090589511007E-002
  2.136473000507879E-002
  2.144870206701178E-002
  2.153282198544874E-002
  2.161708966497479E-002
  2.170150501022049E-002
  2.178606792586177E-002
  2.187077831661995E-002
  2.195563608726171E-002
  2.204064114259904E-002
  2.212579338748928E-002
  2.221109272683505E-002
  2.229653906558423E-002
  2.238213230872998E-002
  2.246787236131071E-002
  2.255375912841003E-002
  2.263979251515674E-002
  2.272597242672484E-002
  2.281229876833348E-002
  2.289877144524695E-002
  2.298539036277467E-002
  2.307215542627114E-002
  2.315906654113597E-002
  2.324612361281381E-002
  2.333332654679438E-002
  2.342067524861238E-002
  2.350816962384755E-002
  2.359580957812462E-002
  2.368359501711325E-002
  2.377152584652808E-002
  2.385960197212865E-002
  2.394782329971943E-002
  2.403618973514976E-002
  2.412470118431387E-002
  2.421335755315081E-002
  2.430215874764450E-002
  2.439110467382362E-002
  2.448019523776166E-002
  2.456943034557690E-002
  2.465880990343237E-002
  2.474833381753580E-002
  2.483800199413967E-002
  2.492781433954113E-002
  2.501777076008202E-002
  2.510787116214882E-002
  2.519811545217267E-002
  2.528850353662931E-002
  2.537903532203906E-002
  2.546971071496687E-002
  2.556052962202220E-002
  2.565149194985906E-002
  2.574259760517601E-002
  2.583384649471607E-002
  2.592523852526678E-002
  2.601677360366011E-002
  2.610845163677249E-002
  2.620027253152477E-002
  2.629223619488222E-002
  2.638434253385447E-002
  2.647659145549553E-002
  2.656898286690377E-002
  2.666151667522187E-002
  2.675419278763684E-002
  2.684701111137994E-002
  2.693997155372675E-002
  2.703307402199706E-002
  2.712631842355493E-002
  2.721970466580861E-002
  2.731323265621054E-002
  2.740690230225737E-002
  2.750071351148985E-002
  2.759466619149293E-002
  2.768876024989562E-002
  2.778299559437107E-002
  2.787737213263651E-002
  2.797188977245319E-002
  2.806654842162645E-002
  2.816134798800562E-002
  2.825628837948406E-002
  2.835136950399909E-002
  2.844659126953200E-002
  2.854195358410805E-002
  2.863745635579639E-002
  2.873309949271012E-002
  2.882888290300620E-002
  2.892480649488548E-002
  2.902087017659263E-002
  2.911707385641620E-002
  2.921341744268851E-002
  2.930990084378571E-002
  2.940652396812769E-002
  2.950328672417814E-002
  2.960018902044444E-002
  2.969723076547775E-002
  2.979441186787285E-002
  2.989173223626828E-002
  2.998919177934619E-002
  3.008679040583239E-002
  3.018452802449634E-002
  3.028240454415106E-002
  3.038041987365318E-002
  3.047857392190292E-002
  3.057686659784401E-002
  3.067529781046373E-002
  3.077386746879287E-002
  3.087257548190571E-002
  3.097142175892002E-002
  3.107040620899698E-002
  3.116952874134128E-002
  3.126878926520096E-002
  3.136818768986748E-002
  3.146772392467569E-002
  3.156739787900380E-002
  3.166720946227335E-002
  3.176715858394922E-002
  3.186724515353957E-002
  3.196746908059589E-002
  3.206783027471289E-002
  3.216832864552856E-002
  3.226896410272412E-002
  3.236973655602397E-002
  3.247064591519572E-002
  3.257169209005019E-002
  3.267287499044129E-002
  3.277419452626611E-002
  3.287565060746485E-002
  3.297724314402081E-002
  3.307897204596035E-002
  3.318083722335293E-002
  3.328283858631102E-002
  3.338497604499014E-002
  3.348724950958881E-002
  3.358965889034850E-002
  3.369220409755370E-002
  3.379488504153184E-002
  3.389770163265325E-002
  3.400065378133122E-002
  3.410374139802189E-002
  3.420696439322430E-002
  3.431032267748035E-002
  3.441381616137477E-002
  3.451744475553513E-002
  3.462120837063174E-002
  3.472510691737777E-002
  3.482914030652912E-002
  3.493330844888444E-002
  3.503761125528509E-002
  3.514204863661518E-002
  3.524662050380148E-002
  3.535132676781342E-002
  3.545616733966312E-002
  3.556114213040532E-002
  3.566625105113738E-002
  3.577149401299923E-002
  3.587687092717341E-002
  3.598238170488502E-002
  3.608802625740171E-002
  3.619380449603362E-002
  3.629971633213343E-002
  3.640576167709630E-002
  3.651194044235986E-002
  3.661825253940416E-002
  3.672469787975174E-002
  3.683127637496750E-002
  3.693798793665878E-002
  3.704483247647528E-002
  3.715180990610903E-002
  3.725892013729445E-002
  3.736616308180826E-002
  3.747353865146948E-002
  3.758104675813942E-002
  3.768868731372165E-002
  3.779646023016200E-002
  3.790436541944854E-002
  3.801240279361152E-002
  3.812057226472344E-002
  3.822887374489890E-002
  3.833730714629472E-002
  3.844587238110984E-002
  3.855456936158532E-002
  3.866339800000432E-002
  3.877235820869210E-002
  3.888144990001594E-002
  3.899067298638524E-002
  3.910002738025137E-002
  3.920951299410775E-002
  3.931912974048977E-002
  3.942887753197481E-002
  3.953875628118220E-002
  3.964876590077319E-002
  3.975890630345101E-002
  3.986917740196074E-002
  3.997957910908935E-002
  4.009011133766569E-002
  4.020077400056046E-002
  4.031156701068618E-002
  4.042249028099718E-002
  4.053354372448961E-002
  4.064472725420137E-002
  4.075604078321211E-002
  4.086748422464326E-002
  4.097905749165792E-002
  4.109076049746094E-002
  4.120259315529882E-002
  4.131455537845975E-002
  4.142664708027356E-002
  4.153886817411171E-002
  4.165121857338729E-002
  4.176369819155497E-002
  4.187630694211098E-002
  4.198904473859314E-002
  4.210191149458081E-002
  4.221490712369485E-002
  4.232803153959764E-002
  4.244128465599305E-002
  4.255466638662640E-002
  4.266817664528449E-002
  4.278181534579554E-002
  4.289558240202916E-002
  4.300947772789641E-002
  4.312350123734970E-002
  4.323765284438279E-002
  4.335193246303080E-002
  4.346634000737016E-002
  4.358087539151862E-002
  4.369553852963522E-002
  4.381032933592029E-002
  4.392524772461540E-002
  4.404029361000331E-002
  4.415546690640807E-002
  4.427076752819489E-002
  4.438619538977016E-002
  4.450175040558146E-002
  4.461743249011751E-002
  4.473324155790814E-002
  4.484917752352433E-002
  4.496524030157807E-002
  4.508142980672253E-002
  4.519774595365188E-002
  4.531418865710132E-002
  4.543075783184711E-002
  4.554745339270649E-002
  4.566427525453771E-002
  4.578122333223993E-002
  4.589829754075334E-002
  4.601549779505901E-002
  4.613282401017894E-002
  4.625027610117603E-002
  4.636785398315405E-002
  4.648555757125766E-002
  4.660338678067232E-002
  4.672134152662435E-002
  4.683942172438087E-002
  4.695762728924981E-002
  4.707595813657984E-002
  4.719441418176040E-002
  4.731299534022168E-002
  4.743170152743456E-002
  4.755053265891065E-002
  4.766948865020225E-002
  4.778856941690231E-002
  4.790777487464443E-002
  4.802710493910286E-002
  4.814655952599245E-002
  4.826613855106864E-002
  4.838584193012747E-002
  4.850566957900553E-002
  4.862562141357996E-002
  4.874569734976841E-002
  4.886589730352905E-002
  4.898622119086057E-002
  4.910666892780208E-002
  4.922724043043319E-002
  4.934793561487392E-002
  4.946875439728473E-002
  4.958969669386647E-002
  4.971076242086040E-002
  4.983195149454814E-002
  4.995326383125162E-002
  5.007469934733317E-002
  5.019625795919538E-002
  5.031793958328118E-002
  5.043974413607375E-002
  5.056167153409655E-002
  5.068372169391329E-002
  5.080589453212790E-002
  5.092818996538451E-002
  5.105060791036749E-002
  5.117314828380132E-002
  5.129581100245069E-002
  5.141859598312041E-002
  5.154150314265542E-002
  5.166453239794076E-002
  5.178768366590156E-002
  5.191095686350303E-002
  5.203435190775046E-002
  5.215786871568912E-002
  5.228150720440431E-002
  5.240526729102139E-002
  5.252914889270563E-002
  5.265315192666233E-002
  5.277727631013670E-002
  5.290152196041389E-002
  5.302588879481898E-002
  5.315037673071694E-002
  5.327498568551262E-002
  5.339971557665072E-002
  5.352456632161582E-002
  5.364953783793231E-002
  5.377463004316437E-002
  5.389984285491602E-002
  5.402517619083100E-002
  5.415062996859289E-002
  5.427620410592493E-002
  5.440189852059012E-002
  5.452771313039119E-002
  5.465364785317053E-002
  5.477970260681021E-002
  5.490587730923196E-002
  5.503217187839715E-002
  5.515858623230677E-002
  5.528512028900140E-002
  5.541177396656125E-002
  5.553854718310604E-002
  5.566543985679513E-002
  5.579245190582731E-002
  5.591958324844098E-002
  5.604683380291397E-002
  5.617420348756364E-002
  5.630169222074681E-002
  5.642929992085973E-002
  5.655702650633812E-002
  5.668487189565709E-002
  5.681283600733115E-002
  5.694091875991418E-002
  5.706912007199946E-002
  5.719743986221957E-002
  5.732587804924647E-002
  5.745443455179140E-002
  5.758310928860491E-002
  5.771190217847683E-002
  5.784081314023623E-002
  5.796984209275145E-002
  5.809898895493006E-002
  5.822825364571883E-002
  5.835763608410373E-002
  5.848713618910988E-002
  5.861675387980159E-002
  5.874648907528232E-002
  5.887634169469463E-002
  5.900631165722020E-002
  5.913639888207980E-002
  5.926660328853327E-002
  5.939692479587955E-002
  5.952736332345653E-002
  5.965791879064123E-002
  5.978859111684959E-002
  5.991938022153660E-002
  6.005028602419617E-002
  6.018130844436121E-002
  6.031244740160355E-002
  6.044370281553397E-002
  6.057507460580209E-002
  6.070656269209650E-002
  6.083816699414459E-002
  6.096988743171267E-002
  6.110172392460583E-002
  6.123367639266801E-002
  6.136574475578194E-002
  6.149792893386917E-002
  6.163022884688996E-002
  6.176264441484339E-002
  6.189517555776723E-002
  6.202782219573800E-002
  6.216058424887091E-002
  6.229346163731982E-002
  6.242645428127733E-002
  6.255956210097464E-002
  6.269278501668164E-002
  6.282612294870675E-002
  6.295957581739707E-002
  6.309314354313822E-002
  6.322682604635449E-002
  6.336062324750860E-002
  6.349453506710188E-002
  6.362856142567420E-002
  6.376270224380384E-002
  6.389695744210766E-002
  6.403132694124089E-002
  6.416581066189733E-002
  6.430040852480910E-002
  6.443512045074683E-002
  6.456994636051949E-002
  6.470488617497445E-002
  6.483993981499747E-002
  6.497510720151262E-002
  6.511038825548235E-002
  6.524578289790739E-002
  6.538129104982678E-002
  6.551691263231788E-002
  6.565264756649626E-002
  6.578849577351578E-002
  6.592445717456853E-002
  6.606053169088480E-002
  6.619671924373309E-002
  6.633301975442008E-002
  6.646943314429064E-002
  6.660595933472777E-002
  6.674259824715263E-002
  6.687934980302446E-002
  6.701621392384063E-002
  6.715319053113662E-002
  6.729027954648588E-002
  6.742748089150000E-002
  6.756479448782854E-002
  6.770222025715919E-002
  6.783975812121754E-002
  6.797740800176721E-002
  6.811516982060974E-002
  6.825304349958472E-002
  6.839102896056955E-002
  6.852912612547968E-002
  6.866733491626835E-002
  6.880565525492674E-002
  6.894408706348393E-002
  6.908263026400678E-002
  6.922128477860003E-002
  6.936005052940625E-002
  6.949892743860576E-002
  6.963791542841676E-002
  6.977701442109518E-002
  6.991622433893467E-002
  7.005554510426661E-002
  7.019497663946019E-002
  7.033451886692220E-002
  7.047417170909720E-002
  7.061393508846740E-002
  7.075380892755265E-002
  7.089379314891044E-002
  7.103388767513590E-002
  7.117409242886176E-002
  7.131440733275832E-002
  7.145483230953352E-002
  7.159536728193278E-002
  7.173601217273909E-002
  7.187676690477297E-002
  7.201763140089250E-002
  7.215860558399316E-002
  7.229968937700794E-002
  7.244088270290734E-002
  7.258218548469922E-002
  7.272359764542895E-002
  7.286511910817922E-002
  7.300674979607022E-002
  7.314848963225944E-002
  7.329033853994174E-002
  7.343229644234940E-002
  7.357436326275194E-002
  7.371653892445618E-002
  7.385882335080635E-002
  7.400121646518389E-002
  7.414371819100748E-002
  7.428632845173312E-002
  7.442904717085398E-002
  7.457187427190047E-002
  7.471480967844017E-002
  7.485785331407795E-002
  7.500100510245572E-002
  7.514426496725256E-002
  7.528763283218477E-002
  7.543110862100570E-002
  7.557469225750583E-002
  7.571838366551267E-002
  7.586218276889090E-002
  7.600608949154215E-002
  7.615010375740516E-002
  7.629422549045574E-002
  7.643845461470654E-002
  7.658279105420732E-002
  7.672723473304480E-002
  7.687178557534267E-002
  7.701644350526154E-002
  7.716120844699889E-002
  7.730608032478925E-002
  7.745105906290388E-002
  7.759614458565105E-002
  7.774133681737581E-002
  7.788663568246011E-002
  7.803204110532266E-002
  7.817755301041908E-002
  7.832317132224167E-002
  7.846889596531958E-002
  7.861472686421879E-002
  7.876066394354191E-002
  7.890670712792827E-002
  7.905285634205410E-002
  7.919911151063212E-002
  7.934547255841186E-002
  7.949193941017942E-002
  7.963851199075769E-002
  7.978519022500608E-002
  7.993197403782069E-002
  8.007886335413418E-002
  8.022585809891580E-002
  8.037295819717143E-002
  8.052016357394345E-002
  8.066747415431079E-002
  8.081488986338894E-002
  8.096241062632985E-002
  8.111003636832197E-002
  8.125776701459028E-002
  8.140560249039618E-002
  8.155354272103750E-002
  8.170158763184851E-002
  8.184973714819994E-002
  8.199799119549889E-002
  8.214634969918884E-002
