  0.000000000000000E+000
  9.998000233313337E-008
  3.998400373269343E-007
  8.994601889514103E-007
  1.598720597128590E-006
  2.497501457708549E-006
  3.595683022445444E-006
  4.893145598973555E-006
  6.389769550783345E-006
  8.085435297197521E-006
  9.980023313347107E-006
  1.207341413014753E-005
  1.436548833427472E-005
  1.685612656814119E-005
  1.954520952987220E-005
  2.243261797328180E-005
  2.551823270784908E-005
  2.880193459869417E-005
  3.228360456655453E-005
  3.596312358776102E-005
  3.984037269421411E-005
  4.391523297336004E-005
  4.818758556816708E-005
  5.265731167710164E-005
  5.732429255410454E-005
  6.218840950856720E-005
  6.724954390530791E-005
  7.250757716454808E-005
  7.796239076188839E-005
  8.361386622828513E-005
  8.946188515002656E-005
  9.550632916870902E-005
  1.017470799812133E-004
  1.081840193396810E-004
  1.148170290514906E-004
  1.216459909792342E-004
  1.286707870406935E-004
  1.358912992088162E-004
  1.433074095116924E-004
  1.509190000325311E-004
  1.587259529096363E-004
  1.667281503363836E-004
  1.749254745611963E-004
  1.833178078875221E-004
  1.919050326738096E-004
  2.006870313334842E-004
  2.096636863349251E-004
  2.188348802014412E-004
  2.282004955112483E-004
  2.377604148974445E-004
  2.475145210479877E-004
  2.574626967056716E-004
  2.676048246681018E-004
  2.779407877876733E-004
  2.884704689715459E-004
  2.991937511816217E-004
  3.101105174345208E-004
  3.212206508015583E-004
  3.325240344087207E-004
  3.440205514366427E-004
  3.557100851205834E-004
  3.675925187504030E-004
  3.796677356705395E-004
  3.919356192799851E-004
  4.043960530322631E-004
  4.170489204354039E-004
  4.298941050519227E-004
  4.429314904987950E-004
  4.561609604474338E-004
  4.695823986236662E-004
  4.831956888077098E-004
  4.970007148341501E-004
  5.109973605919164E-004
  5.251855100242586E-004
  5.395650471287241E-004
  5.541358559571349E-004
  5.688978206155635E-004
  5.838508252643101E-004
  5.989947541178791E-004
  6.143294914449564E-004
  6.298549215683855E-004
  6.455709288651445E-004
  6.614773977663229E-004
  6.775742127570985E-004
  6.938612583767139E-004
  7.103384192184539E-004
  7.270055799296217E-004
  7.438626252115157E-004
  7.609094398194067E-004
  7.781459085625146E-004
  7.955719163039855E-004
  8.131873479608681E-004
  8.309920885040902E-004
  8.489860229584375E-004
  8.671690364025282E-004
  8.855410139687910E-004
  9.041018408434420E-004
  9.228514022664616E-004
  9.417895835315711E-004
  9.609162699862100E-004
  9.802313470315129E-004
  9.997347001222861E-004
  1.019426214766985E-003
  1.039305776527691E-003
  1.059373271020088E-003
  1.079628583913441E-003
  1.100071600930569E-003
  1.120702207847829E-003
  1.141520290495086E-003
  1.162525734755693E-003
  1.183718426566471E-003
  1.205098251917678E-003
  1.226665096852997E-003
  1.248418847469502E-003
  1.270359389917644E-003
  1.292486610401222E-003
  1.314800395177364E-003
  1.337300630556501E-003
  1.359987202902347E-003
  1.382859998631876E-003
  1.405918904215295E-003
  1.429163806176025E-003
  1.452594591090680E-003
  1.476211145589038E-003
  1.500013356354022E-003
  1.524001110121680E-003
  1.548174293681156E-003
  1.572532793874670E-003
  1.597076497597497E-003
  1.621805291797942E-003
  1.646719063477318E-003
  1.671817699689923E-003
  1.697101087543017E-003
  1.722569114196801E-003
  1.748221666864390E-003
  1.774058632811798E-003
  1.800079899357905E-003
  1.826285353874443E-003
  1.852674883785970E-003
  1.879248376569846E-003
  1.906005719756214E-003
  1.932946800927972E-003
  1.960071507720755E-003
  1.987379727822912E-003
  2.014871348975480E-003
  2.042546258972164E-003
  2.070404345659315E-003
  2.098445496935903E-003
  2.126669600753505E-003
  2.155076545116266E-003
  2.183666218080892E-003
  2.212438507756617E-003
  2.241393302305187E-003
  2.270530489940834E-003
  2.299849958930253E-003
  2.329351597592583E-003
  2.359035294299381E-003
  2.388900937474599E-003
  2.418948415594568E-003
  2.449177617187965E-003
  2.479588430835800E-003
  2.510180745171388E-003
  2.540954448880330E-003
  2.571909430700487E-003
  2.603045579421960E-003
  2.634362783887067E-003
  2.665860932990320E-003
  2.697539915678405E-003
  2.729399620950155E-003
  2.761439937856531E-003
  2.793660755500600E-003
  2.826061963037511E-003
  2.858643449674473E-003
  2.891405104670732E-003
  2.924346817337551E-003
  2.957468477038183E-003
  2.990769973187855E-003
  3.024251195253741E-003
  3.057912032754941E-003
  3.091752375262460E-003
  3.125772112399181E-003
  3.159971133839851E-003
  3.194349329311049E-003
  3.228906588591172E-003
  3.263642801510408E-003
  3.298557857950714E-003
  3.333651647845798E-003
  3.368924061181092E-003
  3.404374987993727E-003
  3.440004318372523E-003
  3.475811942457955E-003
  3.511797750442133E-003
  3.547961632568784E-003
  3.584303479133227E-003
  3.620823180482350E-003
  3.657520627014591E-003
  3.694395709179912E-003
  3.731448317479780E-003
  3.768678342467142E-003
  3.806085674746406E-003
  3.843670204973417E-003
  3.881431823855435E-003
  3.919370422151112E-003
  3.957485890670473E-003
  3.995778120274893E-003
  4.034247001877071E-003
  4.072892426441011E-003
  4.111714284982001E-003
  4.150712468566590E-003
  4.189886868312565E-003
  4.229237375388929E-003
  4.268763881015881E-003
  4.308466276464792E-003
  4.348344453058183E-003
  4.388398302169707E-003
  4.428627715224119E-003
  4.469032583697260E-003
  4.509612799116036E-003
  4.550368253058392E-003
  4.591298837153290E-003
  4.632404443080692E-003
  4.673684962571537E-003
  4.715140287407711E-003
  4.756770309422034E-003
  4.798574920498239E-003
  4.840554012570939E-003
  4.882707477625618E-003
  4.925035207698602E-003
  4.967537094877038E-003
  5.010213031298875E-003
  5.053062909152839E-003
  5.096086620678409E-003
  5.139284058165803E-003
  5.182655113955951E-003
  5.226199680440470E-003
  5.269917650061651E-003
  5.313808915312429E-003
  5.357873368736365E-003
  5.402110902927627E-003
  5.446521410530955E-003
  5.491104784241661E-003
  5.535860916805586E-003
  5.580789701019099E-003
  5.625891029729050E-003
  5.671164795832771E-003
  5.716610892278044E-003
  5.762229212063080E-003
  5.808019648236498E-003
  5.853982093897302E-003
  5.900116442194865E-003
  5.946422586328898E-003
  5.992900419549436E-003
  6.039549835156813E-003
  6.086370726501646E-003
  6.133362986984800E-003
  6.180526510057381E-003
  6.227861189220707E-003
  6.275366918026285E-003
  6.323043590075796E-003
  6.370891099021064E-003
  6.418909338564046E-003
  6.467098202456802E-003
  6.515457584501474E-003
  6.563987378550270E-003
  6.612687478505437E-003
  6.661557778319239E-003
  6.710598171993938E-003
  6.759808553581777E-003
  6.809188817184947E-003
  6.858738856955575E-003
  6.908458567095703E-003
  6.958347841857259E-003
  7.008406575542038E-003
  7.058634662501688E-003
  7.109031997137681E-003
  7.159598473901292E-003
  7.210333987293575E-003
  7.261238431865352E-003
  7.312311702217185E-003
  7.363553692999349E-003
  7.414964298911823E-003
  7.466543414704257E-003
  7.518290935175954E-003
  7.570206755175859E-003
  7.622290769602519E-003
  7.674542873404078E-003
  7.726962961578245E-003
  7.779550929172281E-003
  7.832306671282967E-003
  7.885230083056595E-003
  7.938321059688941E-003
  7.991579496425235E-003
  8.045005288560158E-003
  8.098598331437808E-003
  8.152358520451684E-003
  8.206285751044652E-003
  8.260379918708947E-003
  8.314640918986134E-003
  8.369068647467087E-003
  8.423662999791982E-003
  8.478423871650256E-003
  8.533351158780601E-003
  8.588444756970941E-003
  8.643704562058402E-003
  8.699130469929296E-003
  8.754722376519109E-003
  8.810480177812462E-003
  8.866403769843097E-003
  8.922493048693868E-003
  8.978747910496705E-003
  9.035168251432591E-003
  9.091753967731559E-003
  9.148504955672650E-003
  9.205421111583907E-003
  9.262502331842342E-003
  9.319748512873925E-003
  9.377159551153563E-003
  9.434735343205065E-003
  9.492475785601138E-003
  9.550380774963356E-003
  9.608450207962143E-003
  9.666683981316747E-003
  9.725081991795226E-003
  9.783644136214428E-003
  9.842370311439953E-003
  9.901260414386158E-003
  9.960314342016113E-003
  1.001953199134160E-002
  1.007891325942306E-002
  1.013845804336962E-002
  1.019816624033903E-002
  1.025803774753767E-002
  1.031807246222050E-002
  1.037827028169106E-002
  1.043863110330146E-002
  1.049915482445233E-002
  1.055984134259281E-002
  1.062069055522055E-002
  1.068170235988165E-002
  1.074287665417067E-002
  1.080421333573061E-002
  1.086571230225286E-002
  1.092737345147721E-002
  1.098919668119181E-002
  1.105118188923316E-002
  1.111332897348609E-002
  1.117563783188373E-002
  1.123810836240749E-002
  1.130074046308704E-002
  1.136353403200030E-002
  1.142648896727342E-002
  1.148960516708073E-002
  1.155288252964476E-002
  1.161632095323617E-002
  1.167992033617380E-002
  1.174368057682457E-002
  1.180760157360351E-002
  1.187168322497374E-002
  1.193592542944641E-002
  1.200032808558073E-002
  1.206489109198390E-002
  1.212961434731113E-002
  1.219449775026560E-002
  1.225954119959843E-002
  1.232474459410868E-002
  1.239010783264334E-002
  1.245563081409725E-002
  1.252131343741315E-002
  1.258715560158162E-002
  1.265315720564105E-002
  1.271931814867768E-002
  1.278563832982550E-002
  1.285211764826628E-002
  1.291875600322952E-002
  1.298555329399247E-002
  1.305250941988007E-002
  1.311962428026495E-002
  1.318689777456739E-002
  1.325432980225533E-002
  1.332192026284433E-002
  1.338966905589753E-002
  1.345757608102568E-002
  1.352564123788708E-002
  1.359386442618757E-002
  1.366224554568049E-002
  1.373078449616673E-002
  1.379948117749460E-002
  1.386833548955990E-002
  1.393734733230586E-002
  1.400651660572315E-002
  1.407584320984980E-002
  1.414532704477123E-002
  1.421496801062022E-002
  1.428476600757690E-002
  1.435472093586869E-002
  1.442483269577031E-002
  1.449510118760378E-002
  1.456552631173833E-002
  1.463610796859046E-002
  1.470684605862386E-002
  1.477774048234944E-002
  1.484879114032526E-002
  1.491999793315654E-002
  1.499136076149562E-002
  1.506287952604198E-002
  1.513455412754216E-002
  1.520638446678978E-002
  1.527837044462553E-002
  1.535051196193711E-002
  1.542280891965923E-002
  1.549526121877360E-002
  1.556786876030890E-002
  1.564063144534074E-002
  1.571354917499169E-002
  1.578662185043121E-002
  1.585984937287565E-002
  1.593323164358822E-002
  1.600676856387899E-002
  1.608046003510486E-002
  1.615430595866953E-002
  1.622830623602349E-002
  1.630246076866400E-002
  1.637676945813507E-002
  1.645123220602743E-002
  1.652584891397851E-002
  1.660061948367245E-002
  1.667554381684004E-002
  1.675062181525870E-002
  1.682585338075252E-002
  1.690123841519216E-002
  1.697677682049487E-002
  1.705246849862449E-002
  1.712831335159138E-002
  1.720431128145243E-002
  1.728046219031106E-002
  1.735676598031714E-002
  1.743322255366702E-002
  1.750983181260351E-002
  1.758659365941583E-002
  1.766350799643961E-002
  1.774057472605686E-002
  1.781779375069597E-002
  1.789516497283165E-002
  1.797268829498496E-002
  1.805036361972326E-002
  1.812819084966018E-002
  1.820616988745564E-002
  1.828430063581578E-002
  1.836258299749299E-002
  1.844101687528585E-002
  1.851960217203912E-002
  1.859833879064375E-002
  1.867722663403682E-002
  1.875626560520154E-002
  1.883545560716721E-002
  1.891479654300925E-002
  1.899428831584910E-002
  1.907393082885429E-002
  1.915372398523836E-002
  1.923366768826084E-002
  1.931376184122728E-002
  1.939400634748918E-002
  1.947440111044397E-002
  1.955494603353502E-002
  1.963564102025163E-002
  1.971648597412896E-002
  1.979748079874804E-002
  1.987862539773575E-002
  1.995991967476482E-002
  2.004136353355375E-002
  2.012295687786687E-002
  2.020469961151423E-002
  2.028659163835170E-002
  2.036863286228080E-002
  2.045082318724881E-002
  2.053316251724868E-002
  2.061565075631903E-002
  2.069828780854415E-002
  2.078107357805394E-002
  2.086400796902392E-002
  2.094709088567520E-002
  2.103032223227446E-002
  2.111370191313393E-002
  2.119722983261137E-002
  2.128090589511007E-002
  2.136473000507879E-002
  2.144870206701178E-002
  2.153282198544874E-002
  2.161708966497479E-002
  2.170150501022049E-002
  2.178606792586177E-002
  2.187077831661995E-002
  2.195563608726171E-002
  2.204064114259904E-002
  2.212579338748928E-002
  2.221109272683505E-002
  2.229653906558423E-002
  2.238213230872998E-002
  2.246787236131071E-002
  2.255375912841003E-002
  2.263979251515674E-002
  2.272597242672484E-002
  2.281229876833348E-002
  2.289877144524695E-002
  2.298539036277467E-002
  2.307215542627114E-002
  2.315906654113597E-002
  2.324612361281381E-002
  2.333332654679438E-002
  2.342067524861238E-002
  2.350816962384755E-002
  2.359580957812462E-002
  2.368359501711325E-002
  2.377152584652808E-002
  2.385960197212865E-002
  2.394782329971943E-002
  2.403618973514976E-002
  2.412470118431387E-002
  2.421335755315081E-002
  2.430215874764450E-002
  2.439110467382362E-002
  2.448019523776166E-002
  2.456943034557690E-002
  2.465880990343237E-002
  2.474833381753580E-002
  2.483800199413967E-002
  2.492781433954113E-002
  2.501777076008202E-002
  2.510787116214882E-002
  2.519811545217267E-002
  2.528850353662931E-002
  2.537903532203906E-002
  2.546971071496687E-002
  2.556052962202220E-002
  2.565149194985906E-002
  2.574259760517601E-002
  2.583384649471607E-002
  2.592523852526678E-002
  2.601677360366011E-002
  2.610845163677249E-002
  2.620027253152477E-002
  2.629223619488222E-002
  2.638434253385447E-002
  2.647659145549553E-002
  2.656898286690377E-002
  2.666151667522187E-002
  2.675419278763684E-002
  2.684701111137994E-002
  2.693997155372675E-002
  2.703307402199706E-002
  2.712631842355493E-002
  2.721970466580861E-002
  2.731323265621054E-002
  2.740690230225737E-002
  2.750071351148985E-002
  2.759466619149293E-002
  2.768876024989562E-002
  2.778299559437107E-002
  2.787737213263651E-002
  2.797188977245319E-002
  2.806654842162645E-002
  2.816134798800562E-002
  2.825628837948406E-002
  2.835136950399909E-002
  2.844659126953200E-002
  2.854195358410805E-002
  2.863745635579639E-002
  2.873309949271012E-002
  2.882888290300620E-002
  2.892480649488548E-002
  2.902087017659263E-002
  2.911707385641620E-002
  2.921341744268851E-002
  2.930990084378571E-002
  2.940652396812769E-002
  2.950328672417814E-002
  2.960018902044444E-002
  2.969723076547775E-002
  2.979441186787285E-002
  2.989173223626828E-002
  2.998919177934619E-002
  3.008679040583239E-002
  3.018452802449634E-002
  3.028240454415106E-002
  3.038041987365318E-002
  3.047857392190292E-002
  3.057686659784401E-002
  3.067529781046373E-002
  3.077386746879287E-002
  3.087257548190571E-002
  3.097142175892002E-002
  3.107040620899698E-002
  3.116952874134128E-002
  3.126878926520096E-002
  3.136818768986748E-002
  3.146772392467569E-002
  3.156739787900380E-002
  3.166720946227335E-002
  3.176715858394922E-002
  3.186724515353957E-002
  3.196746908059589E-002
  3.206783027471289E-002
  3.216832864552856E-002
  3.226896410272412E-002
  3.236973655602397E-002
  3.247064591519572E-002
  3.257169209005019E-002
  3.267287499044129E-002
  3.277419452626611E-002
  3.287565060746485E-002
  3.297724314402081E-002
  3.307897204596035E-002
  3.318083722335293E-002
  3.328283858631102E-002
  3.338497604499014E-002
  3.348724950958881E-002
  3.358965889034850E-002
  3.369220409755370E-002
  3.379488504153184E-002
  3.389770163265325E-002
  3.400065378133122E-002
  3.410374139802189E-002
  3.420696439322430E-002
  3.431032267748035E-002
  3.441381616137477E-002
  3.451744475553513E-002
  3.462120837063174E-002
  3.472510691737777E-002
  3.482914030652912E-002
  3.493330844888444E-002
  3.503761125528509E-002
  3.514204863661518E-002
  3.524662050380148E-002
  3.535132676781342E-002
  3.545616733966312E-002
  3.556114213040532E-002
  3.566625105113738E-002
  3.577149401299923E-002
  3.587687092717341E-002
  3.598238170488502E-002
  3.608802625740171E-002
  3.619380449603362E-002
  3.629971633213343E-002
  3.640576167709630E-002
  3.651194044235986E-002
  3.661825253940416E-002
  3.672469787975174E-002
  3.683127637496750E-002
  3.693798793665878E-002
  3.704483247647528E-002
  3.715180990610903E-002
  3.725892013729445E-002
  3.736616308180826E-002
  3.747353865146948E-002
  3.758104675813942E-002
  3.768868731372165E-002
  3.779646023016200E-002
  3.790436541944854E-002
  3.801240279361152E-002
  3.812057226472344E-002
  3.822887374489890E-002
  3.833730714629472E-002
  3.844587238110984E-002
  3.855456936158532E-002
  3.866339800000432E-002
  3.877235820869210E-002
  3.888144990001594E-002
  3.899067298638524E-002
  3.910002738025137E-002
  3.920951299410775E-002
  3.931912974048977E-002
  3.942887753197481E-002
  3.953875628118220E-002
  3.964876590077319E-002
  3.975890630345101E-002
  3.986917740196074E-002
  3.997957910908935E-002
  4.009011133766569E-002
  4.020077400056046E-002
  4.031156701068618E-002
  4.042249028099718E-002
  4.053354372448961E-002
  4.064472725420137E-002
  4.075604078321211E-002
  4.086748422464326E-002
  4.097905749165792E-002
  4.109076049746094E-002
  4.120259315529882E-002
  4.131455537845975E-002
  4.142664708027356E-002
  4.153886817411171E-002
  4.165121857338729E-002
  4.176369819155497E-002
  4.187630694211098E-002
  4.198904473859314E-002
  4.210191149458081E-002
  4.221490712369485E-002
  4.232803153959764E-002
  4.244128465599305E-002
  4.255466638662640E-002
  4.266817664528449E-002
  4.278181534579554E-002
  4.289558240202916E-002
  4.300947772789641E-002
  4.312350123734970E-002
  4.323765284438279E-002
  4.335193246303080E-002
  4.346634000737016E-002
  4.358087539151862E-002
  4.369553852963522E-002
  4.381032933592029E-002
  4.392524772461540E-002
  4.404029361000331E-002
  4.415546690640807E-002
  4.427076752819489E-002
  4.438619538977016E-002
  4.450175040558146E-002
  4.461743249011751E-002
  4.473324155790814E-002
  4.484917752352433E-002
  4.496524030157807E-002
  4.508142980672253E-002
  4.519774595365188E-002
  4.531418865710132E-002
  4.543075783184711E-002
  4.554745339270649E-002
  4.566427525453771E-002
  4.578122333223993E-002
  4.589829754075334E-002
  4.601549779505901E-002
  4.613282401017894E-002
  4.625027610117603E-002
  4.636785398315405E-002
  4.648555757125766E-002
  4.660338678067232E-002
  4.672134152662435E-002
  4.683942172438087E-002
  4.695762728924981E-002
  4.707595813657984E-002
  4.719441418176040E-002
  4.731299534022168E-002
  4.743170152743456E-002
  4.755053265891065E-002
  4.766948865020225E-002
  4.778856941690231E-002
  4.790777487464443E-002
  4.802710493910286E-002
  4.814655952599245E-002
  4.826613855106864E-002
  4.838584193012747E-002
  4.850566957900553E-002
  4.862562141357996E-002
  4.874569734976841E-002
  4.886589730352905E-002
  4.898622119086057E-002
  4.910666892780208E-002
  4.922724043043319E-002
  4.934793561487392E-002
  4.946875439728473E-002
  4.958969669386647E-002
  4.971076242086040E-002
  4.983195149454814E-002
  4.995326383125162E-002
  5.007469934733317E-002
  5.019625795919538E-002
  5.031793958328118E-002
  5.043974413607375E-002
  5.056167153409655E-002
  5.068372169391329E-002
  5.080589453212790E-002
  5.092818996538451E-002
  5.105060791036749E-002
  5.117314828380132E-002
  5.129581100245069E-002
  5.141859598312041E-002
  5.154150314265542E-002
  5.166453239794076E-002
  5.178768366590156E-002
  5.191095686350303E-002
  5.203435190775046E-002
  5.215786871568912E-002
  5.228150720440431E-002
  5.240526729102139E-002
  5.252914889270563E-002
  5.265315192666233E-002
  5.277727631013670E-002
  5.290152196041389E-002
  5.302588879481898E-002
  5.315037673071694E-002
  5.327498568551262E-002
  5.339971557665072E-002
  5.352456632161582E-002
  5.364953783793231E-002
  5.377463004316437E-002
  5.389984285491602E-002
  5.402517619083100E-002
  5.415062996859289E-002
  5.427620410592493E-002
  5.440189852059012E-002
  5.452771313039119E-002
  5.465364785317053E-002
  5.477970260681021E-002
  5.490587730923196E-002
  5.503217187839715E-002
  5.515858623230677E-002
  5.528512028900140E-002
  5.541177396656125E-002
  5.553854718310604E-002
  5.566543985679513E-002
  5.579245190582731E-002
  5.591958324844098E-002
  5.604683380291397E-002
  5.617420348756364E-002
  5.630169222074681E-002
  5.642929992085973E-002
  5.655702650633812E-002
  5.668487189565709E-002
  5.681283600733115E-002
  5.694091875991418E-002
  5.706912007199946E-002
  5.719743986221957E-002
  5.732587804924647E-002
  5.745443455179140E-002
  5.758310928860491E-002
  5.771190217847683E-002
  5.784081314023623E-002
  5.796984209275145E-002
  5.809898895493006E-002
  5.822825364571883E-002
  5.835763608410373E-002
  5.848713618910988E-002
  5.861675387980159E-002
  5.874648907528232E-002
  5.887634169469463E-002
  5.900631165722020E-002
  5.913639888207980E-002
  5.926660328853327E-002
  5.939692479587955E-002
  5.952736332345653E-002
  5.965791879064123E-002
  5.978859111684959E-002
  5.991938022153660E-002
  6.005028602419617E-002
  6.018130844436121E-002
  6.031244740160355E-002
  6.044370281553397E-002
  6.057507460580209E-002
  6.070656269209650E-002
  6.083816699414459E-002
  6.096988743171267E-002
  6.110172392460583E-002
  6.123367639266801E-002
  6.136574475578194E-002
  6.149792893386917E-002
  6.163022884688996E-002
  6.176264441484339E-002
  6.189517555776723E-002
  6.202782219573800E-002
  6.216058424887091E-002
  6.229346163731982E-002
  6.242645428127733E-002
  6.255956210097464E-002
  6.269278501668164E-002
  6.282612294870675E-002
  6.295957581739707E-002
  6.309314354313822E-002
  6.322682604635449E-002
  6.336062324750860E-002
  6.349453506710188E-002
  6.362856142567420E-002
  6.376270224380384E-002
  6.389695744210766E-002
  6.403132694124089E-002
  6.416581066189733E-002
  6.430040852480910E-002
  6.443512045074683E-002
  6.456994636051949E-002
  6.470488617497445E-002
  6.483993981499747E-002
  6.497510720151262E-002
  6.511038825548235E-002
  6.524578289790739E-002
  6.538129104982678E-002
  6.551691263231788E-002
  6.565264756649626E-002
  6.578849577351578E-002
  6.592445717456853E-002
  6.606053169088480E-002
  6.619671924373309E-002
  6.633301975442008E-002
  6.646943314429064E-002
  6.660595933472777E-002
  6.674259824715263E-002
  6.687934980302446E-002
  6.701621392384063E-002
  6.715319053113662E-002
  6.729027954648588E-002
  6.742748089150000E-002
  6.756479448782854E-002
  6.770222025715919E-002
  6.783975812121754E-002
  6.797740800176721E-002
  6.811516982060974E-002
  6.825304349958472E-002
  6.839102896056955E-002
  6.852912612547968E-002
  6.866733491626835E-002
  6.880565525492674E-002
  6.894408706348393E-002
  6.908263026400678E-002
  6.922128477860003E-002
  6.936005052940625E-002
  6.949892743860576E-002
  6.963791542841676E-002
  6.977701442109518E-002
  6.991622433893467E-002
  7.005554510426661E-002
  7.019497663946019E-002
  7.033451886692220E-002
  7.047417170909720E-002
  7.061393508846740E-002
  7.075380892755265E-002
  7.089379314891044E-002
  7.103388767513590E-002
  7.117409242886176E-002
  7.131440733275832E-002
  7.145483230953352E-002
  7.159536728193278E-002
  7.173601217273909E-002
  7.187676690477297E-002
  7.201763140089250E-002
  7.215860558399316E-002
  7.229968937700794E-002
  7.244088270290734E-002
  7.258218548469922E-002
  7.272359764542895E-002
  7.286511910817922E-002
  7.300674979607022E-002
  7.314848963225944E-002
  7.329033853994174E-002
  7.343229644234940E-002
  7.357436326275194E-002
  7.371653892445618E-002
  7.385882335080635E-002
  7.400121646518389E-002
  7.414371819100748E-002
  7.428632845173312E-002
  7.442904717085398E-002
  7.457187427190047E-002
  7.471480967844017E-002
  7.485785331407795E-002
  7.500100510245572E-002
  7.514426496725256E-002
  7.528763283218477E-002
  7.543110862100570E-002
  7.557469225750583E-002
  7.571838366551267E-002
  7.586218276889090E-002
  7.600608949154215E-002
  7.615010375740516E-002
  7.629422549045574E-002
  7.643845461470654E-002
  7.658279105420732E-002
  7.672723473304480E-002
  7.687178557534267E-002
  7.701644350526154E-002
  7.716120844699889E-002
  7.730608032478925E-002
  7.745105906290388E-002
  7.759614458565105E-002
  7.774133681737581E-002
  7.788663568246011E-002
  7.803204110532266E-002
  7.817755301041908E-002
  7.832317132224167E-002
  7.846889596531958E-002
  7.861472686421879E-002
  7.876066394354191E-002
  7.890670712792827E-002
  7.905285634205410E-002
  7.919911151063212E-002
  7.934547255841186E-002
  7.949193941017942E-002
  7.963851199075769E-002
  7.978519022500608E-002
  7.993197403782069E-002
  8.007886335413418E-002
  8.022585809891580E-002
  8.037295819717143E-002
  8.052016357394345E-002
  8.066747415431079E-002
  8.081488986338894E-002
  8.096241062632985E-002
  8.111003636832197E-002
  8.125776701459028E-002
  8.140560249039618E-002
  8.155354272103750E-002
  8.170158763184851E-002
  8.184973714819994E-002
  8.199799119549889E-002
  8.214634969918884E-002
  8.211349773014101E-002
  8.208065889925298E-002
  8.204783320127056E-002
  8.201502063094160E-002
  8.198222118301614E-002
  8.194943485224623E-002
  8.191666163338610E-002
  8.188390152119196E-002
  8.185115451042226E-002
  8.181842059583747E-002
  8.178569977220014E-002
  8.175299203427497E-002
  8.172029737682866E-002
  8.168761579463012E-002
  8.165494728245029E-002
  8.162229183506217E-002
  8.158964944724097E-002
  8.155702011376381E-002
  8.152440382941006E-002
  8.149180058896112E-002
  8.145921038720040E-002
  8.142663321891352E-002
  8.139406907888813E-002
  8.136151796191400E-002
  8.132897986278287E-002
  8.129645477628875E-002
  8.126394269722753E-002
  8.123144362039732E-002
  8.119895754059829E-002
  8.116648445263264E-002
  8.113402435130464E-002
  8.110157723142071E-002
  8.106914308778931E-002
  8.103672191522099E-002
  8.100431370852836E-002
  8.097191846252609E-002
  8.093953617203092E-002
  8.090716683186173E-002
  8.087481043683940E-002
  8.084246698178695E-002
  8.081013646152939E-002
  8.077781887089380E-002
  8.074551420470941E-002
  8.071322245780745E-002
  8.068094362502125E-002
  8.064867770118624E-002
  8.061642468113983E-002
  8.058418455972151E-002
  8.055195733177292E-002
  8.051974299213766E-002
  8.048754153566147E-002
  8.045535295719207E-002
  8.042317725157935E-002
  8.039101441367513E-002
  8.035886443833341E-002
  8.032672732041014E-002
  8.029460305476346E-002
  8.026249163625342E-002
  8.023039305974219E-002
  8.019830732009404E-002
  8.016623441217523E-002
  8.013417433085408E-002
  8.010212707100102E-002
  8.007009262748846E-002
  8.003807099519086E-002
  8.000606216898479E-002
  7.997406614374886E-002
  7.994208291436369E-002
  7.991011247571195E-002
  7.987815482267839E-002
  7.984620995014977E-002
  7.981427785301487E-002
  7.978235852616461E-002
  7.975045196449190E-002
  7.971855816289168E-002
  7.968667711626094E-002
  7.965480881949868E-002
  7.962295326750606E-002
  7.959111045518609E-002
  7.955928037744395E-002
  7.952746302918685E-002
  7.949565840532404E-002
  7.946386650076670E-002
  7.943208731042818E-002
  7.940032082922382E-002
  7.936856705207093E-002
  7.933682597388897E-002
  7.930509758959933E-002
  7.927338189412547E-002
  7.924167888239286E-002
  7.920998854932904E-002
  7.917831088986356E-002
  7.914664589892800E-002
  7.911499357145595E-002
  7.908335390238302E-002
  7.905172688664691E-002
  7.902011251918727E-002
  7.898851079494579E-002
  7.895692170886622E-002
  7.892534525589427E-002
  7.889378143097776E-002
  7.886223022906644E-002
  7.883069164511211E-002
  7.879916567406861E-002
  7.876765231089179E-002
  7.873615155053953E-002
  7.870466338797169E-002
  7.867318781815015E-002
  7.864172483603883E-002
  7.861027443660365E-002
  7.857883661481256E-002
  7.854741136563549E-002
  7.851599868404441E-002
  7.848459856501326E-002
  7.845321100351808E-002
  7.842183599453682E-002
  7.839047353304948E-002
  7.835912361403806E-002
  7.832778623248658E-002
  7.829646138338107E-002
  7.826514906170957E-002
  7.823384926246206E-002
  7.820256198063059E-002
  7.817128721120924E-002
  7.814002494919399E-002
  7.810877518958290E-002
  7.807753792737600E-002
  7.804631315757535E-002
  7.801510087518498E-002
  7.798390107521092E-002
  7.795271375266116E-002
  7.792153890254580E-002
  7.789037651987681E-002
  7.785922659966825E-002
  7.782808913693612E-002
  7.779696412669840E-002
  7.776585156397509E-002
  7.773475144378819E-002
  7.770366376116171E-002
  7.767258851112159E-002
  7.764152568869581E-002
  7.761047528891431E-002
  7.757943730680900E-002
  7.754841173741384E-002
  7.751739857576469E-002
  7.748639781689948E-002
  7.745540945585813E-002
  7.742443348768242E-002
  7.739346990741627E-002
  7.736251871010544E-002
  7.733157989079778E-002
  7.730065344454307E-002
  7.726973936639307E-002
  7.723883765140153E-002
  7.720794829462421E-002
  7.717707129111874E-002
  7.714620663594483E-002
  7.711535432416418E-002
  7.708451435084039E-002
  7.705368671103906E-002
  7.702287139982776E-002
  7.699206841227604E-002
  7.696127774345544E-002
  7.693049938843943E-002
  7.689973334230350E-002
  7.686897960012508E-002
  7.683823815698357E-002
  7.680750900796028E-002
  7.677679214813860E-002
  7.674608757260386E-002
  7.671539527644329E-002
  7.668471525474613E-002
  7.665404750260356E-002
  7.662339201510877E-002
  7.659274878735683E-002
  7.656211781444487E-002
  7.653149909147192E-002
  7.650089261353900E-002
  7.647029837574904E-002
  7.643971637320700E-002
  7.640914660101975E-002
  7.637858905429611E-002
  7.634804372814688E-002
  7.631751061768484E-002
  7.628698971802464E-002
  7.625648102428294E-002
  7.622598453157838E-002
  7.619550023503151E-002
  7.616502812976485E-002
  7.613456821090284E-002
  7.610412047357193E-002
  7.607368491290045E-002
  7.604326152401869E-002
  7.601285030205897E-002
  7.598245124215547E-002
  7.595206433944432E-002
  7.592168958906363E-002
  7.589132698615343E-002
  7.586097652585572E-002
  7.583063820331437E-002
  7.580031201367533E-002
  7.576999795208637E-002
  7.573969601369726E-002
  7.570940619365964E-002
  7.567912848712720E-002
  7.564886288925546E-002
  7.561860939520194E-002
  7.558836800012610E-002
  7.555813869918930E-002
  7.552792148755486E-002
  7.549771636038800E-002
  7.546752331285593E-002
  7.543734234012776E-002
  7.540717343737453E-002
  7.537701659976920E-002
  7.534687182248667E-002
  7.531673910070379E-002
  7.528661842959934E-002
  7.525650980435401E-002
  7.522641322015042E-002
  7.519632867217309E-002
  7.516625615560849E-002
  7.513619566564504E-002
  7.510614719747308E-002
  7.507611074628484E-002
  7.504608630727445E-002
  7.501607387563805E-002
  7.498607344657363E-002
  7.495608501528110E-002
  7.492610857696236E-002
  7.489614412682113E-002
  7.486619166006313E-002
  7.483625117189596E-002
  7.480632265752914E-002
  7.477640611217408E-002
  7.474650153104419E-002
  7.471660890935469E-002
  7.468672824232275E-002
  7.465685952516753E-002
  7.462700275310995E-002
  7.459715792137298E-002
  7.456732502518143E-002
  7.453750405976205E-002
  7.450769502034348E-002
  7.447789790215628E-002
  7.444811270043292E-002
  7.441833941040774E-002
  7.438857802731705E-002
  7.435882854639896E-002
  7.432909096289357E-002
  7.429936527204294E-002
  7.426965146909090E-002
  7.423994954928326E-002
  7.421025950786769E-002
  7.418058134009380E-002
  7.415091504121307E-002
  7.412126060647893E-002
  7.409161803114661E-002
  7.406198731047337E-002
  7.403236843971824E-002
  7.400276141414221E-002
  7.397316622900817E-002
  7.394358287958092E-002
  7.391401136112707E-002
  7.388445166891518E-002
  7.385490379821572E-002
  7.382536774430104E-002
  7.379584350244535E-002
  7.376633106792478E-002
  7.373683043601732E-002
  7.370734160200290E-002
  7.367786456116331E-002
  7.364839930878218E-002
  7.361894584014511E-002
  7.358950415053953E-002
  7.356007423525476E-002
  7.353065608958204E-002
  7.350124970881444E-002
  7.347185508824694E-002
  7.344247222317643E-002
  7.341310110890165E-002
  7.338374174072319E-002
  7.335439411394354E-002
  7.332505822386709E-002
  7.329573406580013E-002
  7.326642163505079E-002
  7.323712092692908E-002
  7.320783193674685E-002
  7.317855465981789E-002
  7.314928909145782E-002
  7.312003522698417E-002
  7.309079306171633E-002
  7.306156259097554E-002
  7.303234381008493E-002
  7.300313671436943E-002
  7.297394129915602E-002
  7.294475755977335E-002
  7.291558549155204E-002
  7.288642508982456E-002
  7.285727634992525E-002
  7.282813926719033E-002
  7.279901383695785E-002
  7.276990005456774E-002
  7.274079791536180E-002
  7.271170741468364E-002
  7.268262854787884E-002
  7.265356131029475E-002
  7.262450569728068E-002
  7.259546170418764E-002
  7.256642932636861E-002
  7.253740855917845E-002
  7.250839939797382E-002
  7.247940183811326E-002
  7.245041587495712E-002
  7.242144150386769E-002
  7.239247872020906E-002
  7.236352751934717E-002
  7.233458789664982E-002
  7.230565984748667E-002
  7.227674336722929E-002
  7.224783845125102E-002
  7.221894509492703E-002
  7.219006329363441E-002
  7.216119304275205E-002
  7.213233433766077E-002
  7.210348717374312E-002
  7.207465154638358E-002
  7.204582745096842E-002
  7.201701488288580E-002
  7.198821383752572E-002
  7.195942431028002E-002
  7.193064629654236E-002
  7.190187979170828E-002
  7.187312479117512E-002
  7.184438129034208E-002
  7.181564928461018E-002
  7.178692876938232E-002
  7.175821974006322E-002
  7.172952219205946E-002
  7.170083612077936E-002
  7.167216152163322E-002
  7.164349839003303E-002
  7.161484672139277E-002
  7.158620651112811E-002
  7.155757775465668E-002
  7.152896044739783E-002
  7.150035458477283E-002
  7.147176016220468E-002
  7.144317717511829E-002
  7.141460561894040E-002
  7.138604548909960E-002
  7.135749678102622E-002
  7.132895949015247E-002
  7.130043361191241E-002
  7.127191914174186E-002
  7.124341607507853E-002
  7.121492440736193E-002
  7.118644413403340E-002
  7.115797525053605E-002
  7.112951775231491E-002
  7.110107163481677E-002
  7.107263689349023E-002
  7.104421352378576E-002
  7.101580152115561E-002
  7.098740088105383E-002
  7.095901159893636E-002
  7.093063367026090E-002
  7.090226709048696E-002
  7.087391185507591E-002
  7.084556795949090E-002
  7.081723539919690E-002
  7.078891416966075E-002
  7.076060426635100E-002
  7.073230568473808E-002
  7.070401842029425E-002
  7.067574246849349E-002
  7.064747782481171E-002
  7.061922448472652E-002
  7.059098244371738E-002
  7.056275169726560E-002
  7.053453224085422E-002
  7.050632406996819E-002
  7.047812718009415E-002
  7.044994156672059E-002
  7.042176722533784E-002
  7.039360415143800E-002
  7.036545234051499E-002
  7.033731178806446E-002
  7.030918248958398E-002
  7.028106444057285E-002
  7.025295763653219E-002
  7.022486207296488E-002
  7.019677774537568E-002
  7.016870464927108E-002
  7.014064278015934E-002
  7.011259213355063E-002
  7.008455270495680E-002
  7.005652448989154E-002
  7.002850748387035E-002
  7.000050168241051E-002
  6.997250708103110E-002
  6.994452367525293E-002
  6.991655146059871E-002
  6.988859043259288E-002
  6.986064058676165E-002
  6.983270191863311E-002
  6.980477442373702E-002
  6.977685809760498E-002
  6.974895293577037E-002
  6.972105893376836E-002
  6.969317608713595E-002
  6.966530439141186E-002
  6.963744384213662E-002
  6.960959443485254E-002
  6.958175616510372E-002
  6.955392902843605E-002
  6.952611302039714E-002
  6.949830813653650E-002
  6.947051437240531E-002
  6.944273172355654E-002
  6.941496018554501E-002
  6.938719975392726E-002
  6.935945042426163E-002
  6.933171219210818E-002
  6.930398505302883E-002
  6.927626900258728E-002
  6.924856403634888E-002
  6.922087014988089E-002
  6.919318733875227E-002
  6.916551559853377E-002
  6.913785492479790E-002
  6.911020531311897E-002
  6.908256675907302E-002
  6.905493925823793E-002
  6.902732280619327E-002
  6.899971739852037E-002
  6.897212303080243E-002
  6.894453969862431E-002
  6.891696739757272E-002
  6.888940612323605E-002
  6.886185587120451E-002
  6.883431663707004E-002
  6.880678841642640E-002
  6.877927120486904E-002
  6.875176499799523E-002
  6.872426979140395E-002
  6.869678558069600E-002
  6.866931236147387E-002
  6.864185012934189E-002
  6.861439887990607E-002
  6.858695860877422E-002
  6.855952931155586E-002
  6.853211098386236E-002
  6.850470362130677E-002
  6.847730721950386E-002
  6.844992177407028E-002
  6.842254728062433E-002
  6.839518373478611E-002
  6.836783113217741E-002
  6.834048946842186E-002
  6.831315873914474E-002
  6.828583893997320E-002
  6.825853006653602E-002
  6.823123211446379E-002
  6.820394507938886E-002
  6.817666895694527E-002
  6.814940374276886E-002
  6.812214943249720E-002
  6.809490602176960E-002
  6.806767350622711E-002
  6.804045188151253E-002
  6.801324114327037E-002
  6.798604128714697E-002
  6.795885230879031E-002
  6.793167420385016E-002
  6.790450696797799E-002
  6.787735059682709E-002
  6.785020508605247E-002
  6.782307043131081E-002
  6.779594662826055E-002
  6.776883367256191E-002
  6.774173155987677E-002
  6.771464028586884E-002
  6.768755984620348E-002
  6.766049023654785E-002
  6.763343145257079E-002
  6.760638348994295E-002
  6.757934634433659E-002
  6.755232001142579E-002
  6.752530448688633E-002
  6.749829976639576E-002
  6.747130584563328E-002
  6.744432272027988E-002
  6.741735038601826E-002
  6.739038883853284E-002
  6.736343807350975E-002
  6.733649808663691E-002
  6.730956887360393E-002
  6.728265043010209E-002
  6.725574275182447E-002
  6.722884583446583E-002
  6.720195967372265E-002
  6.717508426529320E-002
  6.714821960487735E-002
  6.712136568817681E-002
  6.709452251089491E-002
  6.706769006873677E-002
  6.704086835740916E-002
  6.701405737262064E-002
  6.698725711008145E-002
  6.696046756550353E-002
  6.693368873460055E-002
  6.690692061308792E-002
  6.688016319668275E-002
  6.685341648110382E-002
  6.682668046207164E-002
  6.679995513530848E-002
  6.677324049653832E-002
  6.674653654148675E-002
  6.671984326588118E-002
  6.669316066545065E-002
  6.666648873592600E-002
  6.663982747303972E-002
  6.661317687252592E-002
  6.658653693012059E-002
  6.655990764156132E-002
  6.653328900258741E-002
  6.650668100893989E-002
  6.648008365636147E-002
  6.645349694059656E-002
  6.642692085739131E-002
  6.640035540249353E-002
  6.637380057165276E-002
  6.634725636062022E-002
  6.632072276514886E-002
  6.629419978099327E-002
  6.626768740390980E-002
  6.624118562965646E-002
  6.621469445399294E-002
  6.618821387268066E-002
  6.616174388148276E-002
  6.613528447616401E-002
  6.610883565249093E-002
  6.608239740623172E-002
  6.605596973315619E-002
  6.602955262903598E-002
  6.600314608964432E-002
  6.597675011075618E-002
  6.595036468814820E-002
  6.592398981759874E-002
  6.589762549488776E-002
  6.587127171579701E-002
  6.584492847610987E-002
  6.581859577161141E-002
  6.579227359808842E-002
  6.576596195132936E-002
  6.573966082712437E-002
  6.571337022126522E-002
  6.568709012954543E-002
  6.566082054776023E-002
  6.563456147170646E-002
  6.560831289718266E-002
  6.558207481998907E-002
  6.555584723592760E-002
  6.552963014080183E-002
  6.550342353041702E-002
  6.547722740058011E-002
  6.545104174709970E-002
  6.542486656578612E-002
  6.539870185245135E-002
  6.537254760290900E-002
  6.534640381297442E-002
  6.532027047846459E-002
  6.529414759519817E-002
  6.526803515899551E-002
  6.524193316567858E-002
  6.521584161107115E-002
  6.518976049099848E-002
  6.516368980128763E-002
  6.513762953776728E-002
  6.511157969626780E-002
  6.508554027262120E-002
  6.505951126266118E-002
  6.503349266222311E-002
  6.500748446714399E-002
  6.498148667326256E-002
  6.495549927641912E-002
  6.492952227245570E-002
  6.490355565721599E-002
  6.487759942654531E-002
  6.485165357629070E-002
  6.482571810230080E-002
  6.479979300042592E-002
  6.477387826651806E-002
  6.474797389643087E-002
  6.472207988601963E-002
  6.469619623114133E-002
  6.467032292765454E-002
  6.464445997141954E-002
  6.461860735829833E-002
  6.459276508415440E-002
  6.456693314485303E-002
  6.454111153626110E-002
  6.451530025424716E-002
  6.448949929468138E-002
  6.446370865343565E-002
  6.443792832638341E-002
  6.441215830939986E-002
  6.438639859836177E-002
  6.436064918914762E-002
  6.433491007763745E-002
  6.430918125971302E-002
  6.428346273125775E-002
  6.425775448815663E-002
  6.423205652629639E-002
  6.420636884156534E-002
  6.418069142985341E-002
  6.415502428705225E-002
  6.412936740905510E-002
  6.410372079175690E-002
  6.407808443105414E-002
  6.405245832284505E-002
  6.402684246302942E-002
  6.400123684750872E-002
  6.397564147218607E-002
  6.395005633296619E-002
  6.392448142575544E-002
  6.389891674646185E-002
  6.387336229099511E-002
  6.384781805526643E-002
  6.382228403518880E-002
  6.379676022667674E-002
  6.377124662564644E-002
  6.374574322801575E-002
  6.372025002970411E-002
  6.369476702663260E-002
  6.366929421472396E-002
  6.364383158990253E-002
  6.361837914809430E-002
  6.359293688522688E-002
  6.356750479722947E-002
  6.354208288003298E-002
  6.351667112956989E-002
  6.349126954177431E-002
  6.346587811258197E-002
  6.344049683793031E-002
  6.341512571375825E-002
  6.338976473600647E-002
  6.336441390061717E-002
  6.333907320353421E-002
  6.331374264070312E-002
  6.328842220807097E-002
  6.326311190158651E-002
  6.323781171720011E-002
  6.321252165086370E-002
  6.318724169853086E-002
  6.316197185615688E-002
  6.313671211969851E-002
  6.311146248511419E-002
  6.308622294836404E-002
  6.306099350540968E-002
  6.303577415221442E-002
  6.301056488474316E-002
  6.298536569896240E-002
  6.296017659084029E-002
  6.293499755634659E-002
  6.290982859145260E-002
  6.288466969213136E-002
  6.285952085435739E-002
  6.283438207410688E-002
  6.280925334735764E-002
  6.278413467008906E-002
  6.275902603828218E-002
  6.273392744791960E-002
  6.270883889498553E-002
  6.268376037546582E-002
  6.265869188534792E-002
  6.263363342062084E-002
  6.260858497727524E-002
  6.258354655130340E-002
  6.255851813869907E-002
  6.253349973545784E-002
  6.250849133757666E-002
  6.248349294105424E-002
  6.245850454189081E-002
  6.243352613608827E-002
  6.240855771965003E-002
  6.238359928858116E-002
  6.235865083888832E-002
  6.233371236657973E-002
  6.230878386766527E-002
  6.228386533815634E-002
  6.225895677406601E-002
  6.223405817140889E-002
  6.220916952620120E-002
  6.218429083446079E-002
  6.215942209220704E-002
  6.213456329546096E-002
  6.210971444024512E-002
  6.208487552258374E-002
  6.206004653850258E-002
  6.203522748402899E-002
  6.201041835519194E-002
  6.198561914802195E-002
  6.196082985855116E-002
  6.193605048281327E-002
  6.191128101684360E-002
  6.188652145667903E-002
  6.186177179835801E-002
  6.183703203792063E-002
  6.181230217140848E-002
  6.178758219486483E-002
  6.176287210433445E-002
  6.173817189586375E-002
  6.171348156550068E-002
  6.168880110929480E-002
  6.166413052329723E-002
  6.163946980356067E-002
  6.161481894613941E-002
  6.159017794708931E-002
  6.156554680246783E-002
  6.154092550833394E-002
  6.151631406074828E-002
  6.149171245577300E-002
  6.146712068947185E-002
  6.144253875791013E-002
  6.141796665715474E-002
  6.139340438327415E-002
  6.136885193233840E-002
  6.134430930041907E-002
  6.131977648358938E-002
  6.129525347792405E-002
  6.127074027949941E-002
  6.124623688439335E-002
  6.122174328868531E-002
  6.119725948845633E-002
  6.117278547978899E-002
  6.114832125876747E-002
  6.112386682147748E-002
  6.109942216400632E-002
  6.107498728244283E-002
  6.105056217287744E-002
  6.102614683140212E-002
  6.100174125411043E-002
  6.097734543709746E-002
  6.095295937645990E-002
  6.092858306829597E-002
  6.090421650870545E-002
  6.087985969378971E-002
  6.085551261965166E-002
  6.083117528239575E-002
  6.080684767812800E-002
  6.078252980295602E-002
  6.075822165298895E-002
  6.073392322433746E-002
  6.070963451311381E-002
  6.068535551543182E-002
  6.066108622740683E-002
  6.063682664515578E-002
  6.061257676479712E-002
  6.058833658245088E-002
  6.056410609423862E-002
  6.053988529628346E-002
  6.051567418471007E-002
  6.049147275564470E-002
  6.046728100521508E-002
  6.044309892955054E-002
  6.041892652478197E-002
  6.039476378704178E-002
  6.037061071246393E-002
  6.034646729718392E-002
  6.032233353733880E-002
  6.029820942906718E-002
  6.027409496850918E-002
  6.024999015180652E-002
  6.022589497510241E-002
  6.020180943454163E-002
  6.017773352627048E-002
  6.015366724643682E-002
  6.012961059119005E-002
  6.010556355668110E-002
  6.008152613906245E-002
  6.005749833448812E-002
  6.003348013911363E-002
  6.000947154909610E-002
  5.998547256059416E-002
  5.996148316976795E-002
  5.993750337277917E-002
  5.991353316579106E-002
  5.988957254496838E-002
  5.986562150647744E-002
  5.984168004648606E-002
  5.981774816116362E-002
  5.979382584668102E-002
  5.976991309921068E-002
  5.974600991492656E-002
  5.972211629000417E-002
  5.969823222062050E-002
  5.967435770295410E-002
  5.965049273318507E-002
  5.962663730749501E-002
  5.960279142206705E-002
  5.957895507308584E-002
  5.955512825673757E-002
  5.953131096920994E-002
  5.950750320669219E-002
  5.948370496537510E-002
  5.945991624145092E-002
  5.943613703111347E-002
  5.941236733055807E-002
  5.938860713598156E-002
  5.936485644358233E-002
  5.934111524956024E-002
  5.931738355011673E-002
  5.929366134145471E-002
  5.926994861977863E-002
  5.924624538129446E-002
  5.922255162220968E-002
  5.919886733873329E-002
  5.917519252707578E-002
  5.915152718344921E-002
  5.912787130406712E-002
  5.910422488514457E-002
  5.908058792289813E-002
  5.905696041354587E-002
  5.903334235330740E-002
  5.900973373840385E-002
  5.898613456505781E-002
  5.896254482949343E-002
  5.893896452793634E-002
  5.891539365661370E-002
  5.889183221175418E-002
  5.886828018958794E-002
  5.884473758634665E-002
  5.882120439826350E-002
  5.879768062157318E-002
  5.877416625251189E-002
  5.875066128731734E-002
  5.872716572222870E-002
  5.870367955348671E-002
  5.868020277733357E-002
  5.865673539001300E-002
  5.863327738777022E-002
  5.860982876685193E-002
  5.858638952350638E-002
  5.856295965398328E-002
  5.853953915453386E-002
  5.851612802141082E-002
  5.849272625086838E-002
  5.846933383916228E-002
  5.844595078254970E-002
  5.842257707728939E-002
  5.839921271964151E-002
  5.837585770586781E-002
  5.835251203223148E-002
  5.832917569499717E-002
  5.830584869043112E-002
  5.828253101480098E-002
  5.825922266437592E-002
  5.823592363542662E-002
  5.821263392422521E-002
  5.818935352704536E-002
  5.816608244016220E-002
  5.814282065985235E-002
  5.811956818239394E-002
  5.809632500406656E-002
  5.807309112115130E-002
  5.804986652993075E-002
  5.802665122668897E-002
  5.800344520771150E-002
  5.798024846928539E-002
  5.795706100769915E-002
  5.793388281924280E-002
  5.791071390020783E-002
  5.788755424688721E-002
  5.786440385557539E-002
  5.784126272256830E-002
  5.781813084416337E-002
  5.779500821665951E-002
  5.777189483635709E-002
  5.774879069955795E-002
  5.772569580256547E-002
  5.770261014168444E-002
  5.767953371322113E-002
  5.765646651348336E-002
  5.763340853878034E-002
  5.761035978542281E-002
  5.758732024972297E-002
  5.756428992799451E-002
  5.754126881655254E-002
  5.751825691171372E-002
  5.749525420979611E-002
  5.747226070711931E-002
  5.744927640000436E-002
  5.742630128477373E-002
  5.740333535775145E-002
  5.738037861526294E-002
  5.735743105363513E-002
  5.733449266919640E-002
  5.731156345827663E-002
  5.728864341720714E-002
  5.726573254232070E-002
  5.724283082995160E-002
  5.721993827643556E-002
  5.719705487810976E-002
  5.717418063131287E-002
  5.715131553238501E-002
  5.712845957766774E-002
  5.710561276350414E-002
  5.708277508623870E-002
  5.705994654221739E-002
  5.703712712778765E-002
  5.701431683929836E-002
  5.699151567309989E-002
  5.696872362554405E-002
  5.694594069298412E-002
  5.692316687177482E-002
  5.690040215827234E-002
  5.687764654883432E-002
  5.685490003981988E-002
  5.683216262758956E-002
  5.680943430850539E-002
  5.678671507893084E-002
  5.676400493523080E-002
  5.674130387377168E-002
  5.671861189092130E-002
  5.669592898304895E-002
  5.667325514652536E-002
  5.665059037772271E-002
  5.662793467301465E-002
  5.660528802877623E-002
  5.658265044138404E-002
  5.656002190721602E-002
  5.653740242265163E-002
  5.651479198407177E-002
  5.649219058785874E-002
  5.646959823039633E-002
  5.644701490806975E-002
  5.642444061726567E-002
  5.640187535437220E-002
  5.637931911577893E-002
  5.635677189787681E-002
  5.633423369705834E-002
  5.631170450971737E-002
  5.628918433224925E-002
  5.626667316105074E-002
  5.624417099252006E-002
  5.622167782305684E-002
  5.619919364906222E-002
  5.617671846693868E-002
  5.615425227309023E-002
  5.613179506392227E-002
  5.610934683584163E-002
  5.608690758525660E-002
  5.606447730857690E-002
  5.604205600221369E-002
  5.601964366257955E-002
  5.599724028608853E-002
  5.597484586915607E-002
  5.595246040819908E-002
  5.593008389963587E-002
  5.590771633988619E-002
  5.588535772537127E-002
  5.586300805251368E-002
  5.584066731773751E-002
  5.581833551746823E-002
  5.579601264813274E-002
  5.577369870615940E-002
  5.575139368797798E-002
  5.572909759001966E-002
  5.570681040871708E-002
  5.568453214050429E-002
  5.566226278181674E-002
  5.564000232909137E-002
  5.561775077876649E-002
  5.559550812728185E-002
  5.557327437107863E-002
  5.555104950659942E-002
  5.552883353028826E-002
  5.550662643859059E-002
  5.548442822795326E-002
  5.546223889482455E-002
  5.544005843565420E-002
  5.541788684689331E-002
  5.539572412499443E-002
  5.537357026641154E-002
  5.535142526760001E-002
  5.532928912501664E-002
  5.530716183511964E-002
  5.528504339436865E-002
  5.526293379922472E-002
  5.524083304615032E-002
  5.521874113160933E-002
  5.519665805206703E-002
  5.517458380399014E-002
  5.515251838384677E-002
  5.513046178810647E-002
  5.510841401324017E-002
  5.508637505572022E-002
  5.506434491202041E-002
  5.504232357861591E-002
  5.502031105198329E-002
  5.499830732860057E-002
  5.497631240494713E-002
  5.495432627750379E-002
  5.493234894275277E-002
  5.491038039717770E-002
  5.488842063726360E-002
  5.486646965949694E-002
  5.484452746036553E-002
  5.482259403635862E-002
  5.480066938396688E-002
  5.477875349968236E-002
  5.475684637999853E-002
  5.473494802141023E-002
  5.471305842041373E-002
  5.469117757350669E-002
  5.466930547718817E-002
  5.464744212795866E-002
  5.462558752231999E-002
  5.460374165677546E-002
  5.458190452782970E-002
  5.456007613198878E-002
  5.453825646576017E-002
  5.451644552565269E-002
  5.449464330817662E-002
  5.447284980984359E-002
  5.445106502716666E-002
  5.442928895666025E-002
  5.440752159484019E-002
  5.438576293822369E-002
  5.436401298332939E-002
  5.434227172667729E-002
  5.432053916478876E-002
  5.429881529418662E-002
  5.427710011139505E-002
  5.425539361293959E-002
  5.423369579534724E-002
  5.421200665514633E-002
  5.419032618886661E-002
  5.416865439303918E-002
  5.414699126419657E-002
  5.412533679887269E-002
  5.410369099360280E-002
  5.408205384492359E-002
  5.406042534937311E-002
  5.403880550349080E-002
  5.401719430381750E-002
  5.399559174689539E-002
  5.397399782926807E-002
  5.395241254748052E-002
  5.393083589807911E-002
  5.390926787761155E-002
  5.388770848262696E-002
  5.386615770967584E-002
  5.384461555531008E-002
  5.382308201608291E-002
  5.380155708854897E-002
  5.378004076926430E-002
  5.375853305478626E-002
  5.373703394167362E-002
  5.371554342648653E-002
  5.369406150578651E-002
  5.367258817613643E-002
  5.365112343410059E-002
  5.362966727624461E-002
  5.360821969913551E-002
  5.358678069934167E-002
  5.356535027343285E-002
  5.354392841798018E-002
  5.352251512955618E-002
  5.350111040473472E-002
  5.347971424009103E-002
  5.345832663220174E-002
  5.343694757764481E-002
  5.341557707299963E-002
  5.339421511484688E-002
  5.337286169976867E-002
  5.335151682434845E-002
  5.333018048517103E-002
  5.330885267882260E-002
  5.328753340189071E-002
  5.326622265096428E-002
  5.324492042263359E-002
  5.322362671349028E-002
  5.320234152012737E-002
  5.318106483913920E-002
  5.315979666712151E-002
  5.313853700067143E-002
  5.311728583638736E-002
  5.309604317086914E-002
  5.307480900071795E-002
  5.305358332253630E-002
  5.303236613292810E-002
  5.301115742849860E-002
  5.298995720585439E-002
  5.296876546160345E-002
  5.294758219235510E-002
  5.292640739472002E-002
  5.290524106531024E-002
  5.288408320073913E-002
  5.286293379762146E-002
  5.284179285257329E-002
  5.282066036221210E-002
  5.279953632315669E-002
  5.277842073202718E-002
  5.275731358544511E-002
  5.273621488003333E-002
  5.271512461241604E-002
  5.269404277921880E-002
  5.267296937706852E-002
  5.265190440259346E-002
  5.263084785242322E-002
  5.260979972318873E-002
  5.258876001152232E-002
  5.256772871405762E-002
  5.254670582742964E-002
  5.252569134827469E-002
  5.250468527323048E-002
  5.248368759893601E-002
  5.246269832203167E-002
  5.244171743915918E-002
  5.242074494696160E-002
  5.239978084208332E-002
  5.237882512117008E-002
  5.235787778086896E-002
  5.233693881782840E-002
  5.231600822869818E-002
  5.229508601012937E-002
  5.227417215877443E-002
  5.225326667128716E-002
  5.223236954432266E-002
  5.221148077453741E-002
  5.219060035858920E-002
  5.216972829313715E-002
  5.214886457484173E-002
  5.212800920036476E-002
  5.210716216636937E-002
  5.208632346952004E-002
  5.206549310648258E-002
  5.204467107392412E-002
  5.202385736851315E-002
  5.200305198691947E-002
  5.198225492581422E-002
  5.196146618186987E-002
  5.194068575176022E-002
  5.191991363216039E-002
  5.189914981974685E-002
  5.187839431119740E-002
  5.185764710319115E-002
  5.183690819240856E-002
  5.181617757553138E-002
  5.179545524924273E-002
  5.177474121022704E-002
  5.175403545517004E-002
  5.173333798075881E-002
  5.171264878368178E-002
  5.169196786062866E-002
  5.167129520829052E-002
  5.165063082335971E-002
  5.162997470252995E-002
  5.160932684249625E-002
  5.158868723995494E-002
  5.156805589160372E-002
  5.154743279414154E-002
  5.152681794426872E-002
  5.150621133868689E-002
  5.148561297409899E-002
  5.146502284720926E-002
  5.144444095472329E-002
  5.142386729334800E-002
  5.140330185979158E-002
  5.138274465076357E-002
  5.136219566297481E-002
  5.134165489313746E-002
  5.132112233796500E-002
  5.130059799417223E-002
  5.128008185847525E-002
  5.125957392759147E-002
  5.123907419823964E-002
  5.121858266713977E-002
  5.119809933101325E-002
  5.117762418658273E-002
  5.115715723057219E-002
  5.113669845970693E-002
  5.111624787071352E-002
  5.109580546031987E-002
  5.107537122525521E-002
  5.105494516225006E-002
  5.103452726803625E-002
  5.101411753934689E-002
  5.099371597291646E-002
  5.097332256548070E-002
  5.095293731377665E-002
  5.093256021454268E-002
  5.091219126451846E-002
  5.089183046044495E-002
  5.087147779906441E-002
  5.085113327712043E-002
  5.083079689135789E-002
  5.081046863852295E-002
  5.079014851536311E-002
  5.076983651862715E-002
  5.074953264506513E-002
  5.072923689142844E-002
  5.070894925446976E-002
  5.068866973094306E-002
  5.066839831760364E-002
  5.064813501120806E-002
  5.062787980851418E-002
  5.060763270628117E-002
  5.058739370126951E-002
  5.056716279024095E-002
  5.054693996995854E-002
  5.052672523718664E-002
  5.050651858869088E-002
  5.048632002123821E-002
  5.046612953159686E-002
  5.044594711653633E-002
  5.042577277282745E-002
  5.040560649724232E-002
  5.038544828655434E-002
  5.036529813753819E-002
  5.034515604696984E-002
  5.032502201162658E-002
  5.030489602828694E-002
  5.028477809373078E-002
  5.026466820473921E-002
  5.024456635809468E-002
  5.022447255058086E-002
  5.020438677898276E-002
  5.018430904008665E-002
  5.016423933068009E-002
  5.014417764755193E-002
  5.012412398749230E-002
  5.010407834729262E-002
  5.008404072374558E-002
  5.006401111364517E-002
  5.004398951378664E-002
  5.002397592096653E-002
  5.000397033198268E-002
  4.998397274363420E-002
  4.996398315272145E-002
  4.994400155604611E-002
  4.992402795041113E-002
  4.990406233262074E-002
  4.988410469948042E-002
  4.986415504779695E-002
  4.984421337437841E-002
  4.982427967603410E-002
  4.980435394957466E-002
  4.978443619181196E-002
  4.976452639955915E-002
  4.974462456963068E-002
  4.972473069884223E-002
  4.970484478401081E-002
  4.968496682195465E-002
  4.966509680949330E-002
  4.964523474344754E-002
  4.962538062063945E-002
  4.960553443789236E-002
  4.958569619203090E-002
  4.956586587988091E-002
  4.954604349826958E-002
  4.952622904402530E-002
  4.950642251397780E-002
  4.948662390495799E-002
  4.946683321379812E-002
  4.944705043733166E-002
  4.942727557239339E-002
  4.940750861581931E-002
  4.938774956444671E-002
  4.936799841511415E-002
  4.934825516466144E-002
  4.932851980992967E-002
  4.930879234776116E-002
  4.928907277499953E-002
  4.926936108848966E-002
  4.924965728507767E-002
  4.922996136161093E-002
  4.921027331493812E-002
  4.919059314190916E-002
  4.917092083937521E-002
  4.915125640418869E-002
  4.913159983320329E-002
  4.911195112327399E-002
  4.909231027125695E-002
  4.907267727400967E-002
  4.905305212839085E-002
  4.903343483126048E-002
  4.901382537947978E-002
  4.899422376991127E-002
  4.897462999941866E-002
  4.895504406486696E-002
  4.893546596312240E-002
  4.891589569105251E-002
  4.889633324552602E-002
  4.887677862341296E-002
  4.885723182158459E-002
  4.883769283691341E-002
  4.881816166627320E-002
  4.879863830653895E-002
  4.877912275458693E-002
  4.875961500729466E-002
  4.874011506154089E-002
  4.872062291420565E-002
  4.870113856217016E-002
  4.868166200231693E-002
  4.866219323152974E-002
  4.864273224669357E-002
  4.862327904469468E-002
  4.860383362242053E-002
  4.858439597675987E-002
  4.856496610460267E-002
  4.854554400284013E-002
  4.852612966836476E-002
  4.850672309807023E-002
  4.848732428885150E-002
  4.846793323760475E-002
  4.844854994122743E-002
  4.842917439661820E-002
  4.840980660067697E-002
  4.839044655030492E-002
  4.837109424240439E-002
  4.835174967387906E-002
  4.833241284163378E-002
  4.831308374257467E-002
  4.829376237360904E-002
  4.827444873164552E-002
  4.825514281359388E-002
  4.823584461636521E-002
  4.821655413687177E-002
  4.819727137202709E-002
  4.817799631874594E-002
  4.815872897394431E-002
  4.813946933453939E-002
  4.812021739744968E-002
  4.810097315959486E-002
  4.808173661789585E-002
  4.806250776927480E-002
  4.804328661065510E-002
  4.802407313896135E-002
  4.800486735111940E-002
  4.798566924405634E-002
  4.796647881470045E-002
  4.794729605998128E-002
  4.792812097682959E-002
  4.790895356217735E-002
  4.788979381295778E-002
  4.787064172610533E-002
  4.785149729855566E-002
  4.783236052724565E-002
  4.781323140911343E-002
  4.779410994109835E-002
  4.777499612014095E-002
  4.775588994318303E-002
  4.773679140716761E-002
  4.771770050903892E-002
  4.769861724574241E-002
  4.767954161422475E-002
  4.766047361143386E-002
  4.764141323431885E-002
  4.762236047983005E-002
  4.760331534491902E-002
  4.758427782653857E-002
  4.756524792164266E-002
  4.754622562718653E-002
  4.752721094012659E-002
  4.750820385742051E-002
  4.748920437602714E-002
  4.747021249290657E-002
  4.745122820502012E-002
  4.743225150933027E-002
  4.741328240280077E-002
  4.739432088239655E-002
  4.737536694508377E-002
  4.735642058782981E-002
  4.733748180760325E-002
  4.731855060137387E-002
  4.729962696611269E-002
  4.728071089879193E-002
  4.726180239638500E-002
  4.724290145586657E-002
  4.722400807421247E-002
  4.720512224839976E-002
  4.718624397540671E-002
  4.716737325221279E-002
  4.714851007579870E-002
  4.712965444314631E-002
  4.711080635123874E-002
  4.709196579706029E-002
  4.707313277759646E-002
  4.705430728983397E-002
  4.703548933076077E-002
  4.701667889736594E-002
  4.699787598663984E-002
  4.697908059557401E-002
  4.696029272116117E-002
  4.694151236039526E-002
  4.692273951027143E-002
  4.690397416778603E-002
  4.688521632993660E-002
  4.686646599372186E-002
  4.684772315614179E-002
  4.682898781419752E-002
  4.681025996489142E-002
  4.679153960522699E-002
  4.677282673220900E-002
  4.675412134284340E-002
  4.673542343413731E-002
  4.671673300309907E-002
  4.669805004673821E-002
  4.667937456206545E-002
  4.666070654609274E-002
  4.664204599583315E-002
  4.662339290830104E-002
  4.660474728051189E-002
  4.658610910948240E-002
  4.656747839223047E-002
  4.654885512577517E-002
  4.653023930713680E-002
  4.651163093333682E-002
  4.649303000139788E-002
  4.647443650834384E-002
  4.645585045119975E-002
  4.643727182699183E-002
  4.641870063274749E-002
  4.640013686549536E-002
  4.638158052226522E-002
  4.636303160008806E-002
  4.634449009599607E-002
  4.632595600702259E-002
  4.630742933020216E-002
  4.628891006257053E-002
  4.627039820116460E-002
  4.625189374302249E-002
  4.623339668518347E-002
  4.621490702468803E-002
  4.619642475857780E-002
  4.617794988389563E-002
  4.615948239768555E-002
  4.614102229699275E-002
  4.612256957886361E-002
  4.610412424034570E-002
  4.608568627848777E-002
  4.606725569033975E-002
  4.604883247295273E-002
  4.603041662337902E-002
  4.601200813867205E-002
  4.599360701588650E-002
  4.597521325207815E-002
  4.595682684430402E-002
  4.593844778962230E-002
  4.592007608509231E-002
  4.590171172777460E-002
  4.588335471473085E-002
  4.586500504302397E-002
  4.584666270971799E-002
  4.582832771187814E-002
  4.581000004657082E-002
  4.579167971086360E-002
  4.577336670182523E-002
  4.575506101652563E-002
  4.573676265203590E-002
  4.571847160542828E-002
  4.570018787377621E-002
  4.568191145415432E-002
  4.566364234363836E-002
  4.564538053930526E-002
  4.562712603823315E-002
  4.560887883750130E-002
  4.559063893419016E-002
  4.557240632538134E-002
  4.555418100815763E-002
  4.553596297960297E-002
  4.551775223680251E-002
  4.549954877684250E-002
  4.548135259681040E-002
  4.546316369379479E-002
  4.544498206488547E-002
  4.542680770717338E-002
  4.540864061775063E-002
  4.539048079371046E-002
  4.537232823214733E-002
  4.535418293015681E-002
  4.533604488483566E-002
  4.531791409328178E-002
  4.529979055259425E-002
  4.528167425987330E-002
  4.526356521222034E-002
  4.524546340673791E-002
  4.522736884052972E-002
  4.520928151070064E-002
  4.519120141435670E-002
  4.517312854860507E-002
  4.515506291055411E-002
  4.513700449731332E-002
  4.511895330599333E-002
  4.510090933370598E-002
  4.508287257756422E-002
